barcode, RR`
	1076.000000	110.000000	57.751240	884.022766
barcode, GG`
	1075.000000	62.000000	59.049763	976.608459
barcode, BB`
	1072.000000	137.000000	66.400856	824.021729
barcode
	1073.000000	120.000000	62.254978	860.868591
barcode
	1064.000000	148.000000	75.198433	812.233826
barcode
	1076.000000	108.000000	57.841125	882.287170
barcode
	1074.000000	103.000000	61.454224	891.116089
barcode
	1073.000000	108.000000	61.231163	885.646484
barcode
	1077.000000	120.000000	57.316208	859.474854
barcode
	1077.000000	97.000000	57.885967	907.678467
barcode
	1074.000000	109.000000	60.842255	881.365723
barcode
	1073.000000	120.000000	61.592445	862.808777
barcode
	1075.000000	110.000000	57.908096	878.125549
barcode
	1074.000000	106.000000	60.322609	887.527344
barcode
	1074.000000	110.000000	60.854294	882.528259
barcode
	1077.000000	114.000000	57.173882	870.688293
barcode
	1077.000000	96.000000	58.255791	908.644958
barcode
	1074.000000	115.000000	61.519733	870.769653
barcode
	1074.000000	117.000000	61.341984	869.147156
barcode
	1075.000000	107.000000	58.801010	883.961670
barcode
	1075.000000	106.000000	60.364452	886.210449
barcode
	1074.000000	108.000000	61.471931	885.229309
barcode, G`B
	1082.000000	70.000000	64.434761	963.552368
barcode
	1076.000000	111.000000	59.926430	879.785156
barcode
	1073.000000	107.000000	62.572975	885.667480
barcode
	1074.000000	114.000000	61.232494	872.462280
barcode
	1073.000000	120.000000	61.946026	862.400574
barcode
	1075.000000	109.000000	59.908401	879.751831
barcode
	1074.000000	106.000000	61.380722	885.890564
barcode
	1073.000000	108.000000	61.594040	885.063599
barcode, RR`
	1076.000000	101.000000	57.649731	901.203125
barcode, GG`
	1075.000000	67.000000	59.940807	968.151550
barcode, BB`
	1072.000000	135.000000	65.251144	827.389771
barcode
	1074.000000	115.000000	60.681473	869.100952
barcode
	1074.000000	117.000000	61.280495	869.010986
barcode
	1075.000000	107.000000	58.913712	883.128296
barcode
	1074.000000	110.000000	61.594131	878.212646
barcode
	1073.000000	113.000000	62.000248	875.091125
barcode
	1077.000000	116.000000	57.934540	868.263367
barcode
	1077.000000	97.000000	57.478752	908.425049
barcode
	1074.000000	113.000000	62.294147	874.072205
barcode
	1073.000000	120.000000	62.872738	862.348755
barcode
	1074.000000	110.000000	59.548271	877.324707
barcode
	1074.000000	111.000000	61.232716	875.994446
barcode
	1073.000000	113.000000	61.244553	874.790588
barcode
	1077.000000	115.000000	57.524216	868.585876
barcode
	1077.000000	93.000000	57.701141	916.412109
barcode
	1074.000000	113.000000	61.429195	875.146057
barcode
	1073.000000	121.000000	61.816200	861.236572
barcode
	1075.000000	111.000000	58.882450	875.734192
barcode
	1074.000000	114.000000	61.304211	868.646667
barcode
	1074.000000	113.000000	60.742386	875.313904
barcode
	1077.000000	114.000000	58.134014	871.334534
barcode
	1077.000000	93.000000	57.298805	915.058167
barcode
	1074.000000	102.000000	61.662533	896.017273
barcode
	1074.000000	112.000000	61.365829	875.492065
barcode
	1074.000000	119.000000	61.922829	863.995056
barcode
	1075.000000	109.000000	59.157024	879.372681
barcode
	1073.000000	115.000000	61.925083	868.211670
barcode
	1073.000000	112.000000	61.950710	877.643066
barcode, RR`
	1075.000000	94.000000	59.399265	915.928772
barcode, GG`
	1075.000000	74.000000	60.330204	952.948547
barcode, BB`
	1072.000000	131.000000	65.755920	837.230103
barcode
	1074.000000	116.000000	61.546131	867.267151
barcode
	1073.000000	102.000000	62.656631	898.869263
barcode, G`B
	1083.000000	62.000000	65.770599	979.728149
barcode
	1074.000000	122.000000	61.233467	853.929321
barcode
	1073.000000	117.000000	61.914074	868.250977
barcode
	1077.000000	116.000000	57.752247	868.436584
barcode
	1078.000000	97.000000	56.669102	907.619629
barcode
	1074.000000	118.000000	61.787933	865.108398
barcode
	1074.000000	122.000000	62.262920	859.034058
barcode
	1075.000000	115.000000	59.629742	867.652222
barcode
	1074.000000	122.000000	61.195858	854.473633
barcode
	1074.000000	121.000000	62.005928	861.413879
barcode
	1077.000000	112.000000	57.861748	877.346680
barcode
	1077.000000	95.000000	57.119270	912.382874
barcode
	1074.000000	117.000000	61.426998	867.352783
barcode
	1073.000000	122.000000	63.182194	859.703369
barcode
	1074.000000	116.000000	61.483490	868.089294
barcode
	1074.000000	123.000000	62.166801	853.550415
barcode
	1073.000000	122.000000	62.215797	860.090942
barcode, G`B
	1082.000000	63.000000	54.483967	977.134216
barcode
	1075.000000	116.000000	61.150425	869.320435
barcode
	1073.000000	106.000000	63.420609	888.545532
barcode
	1074.000000	119.000000	61.910126	864.131409
barcode
	1073.000000	123.000000	63.436359	857.852539
barcode
	1075.000000	120.000000	60.005867	858.736572
barcode
	1073.000000	122.000000	62.554134	855.462402
barcode
	1073.000000	121.000000	64.234711	861.893799
barcode, RR`
	1075.000000	86.000000	59.730751	930.751221
barcode, GG`
	1074.000000	88.000000	61.282940	926.593811
barcode, BB`
	1072.000000	122.000000	67.083809	857.405090
barcode
	1074.000000	116.000000	60.867306	867.140564
barcode
	1073.000000	121.000000	63.224243	862.912903
barcode
	1074.000000	120.000000	60.639889	860.055908
barcode
	1074.000000	124.000000	62.139687	851.261414
barcode
	1073.000000	122.000000	62.270657	859.604858
barcode
	1077.000000	114.000000	58.169815	872.883667
barcode
	1078.000000	92.000000	56.843220	918.067383
barcode
	1074.000000	116.000000	62.291508	868.244568
barcode
	1074.000000	121.000000	62.731167	861.105530
barcode
	1074.000000	121.000000	60.825748	856.837463
barcode
	1073.000000	127.000000	62.855331	845.722290
barcode
	1073.000000	123.000000	63.219124	857.351379
barcode
	1076.000000	115.000000	59.246887	870.982666
barcode
	1077.000000	93.000000	57.072933	915.830811
barcode
	1074.000000	116.000000	62.190472	870.136475
barcode
	1073.000000	123.000000	63.278297	857.321045
barcode
	1075.000000	122.000000	60.358215	855.675537
barcode
	1073.000000	130.000000	63.123974	841.290222
barcode
	1073.000000	128.000000	62.758286	847.012817
barcode
	1076.000000	113.000000	59.012276	876.500488
barcode
	1077.000000	90.000000	57.693417	921.759033
barcode
	1073.000000	111.000000	64.078377	880.396667
barcode
	1074.000000	118.000000	61.615814	864.760986
barcode
	1074.000000	126.000000	62.744179	851.501892
barcode
	1074.000000	123.000000	61.116508	855.072205
barcode
	1073.000000	126.000000	63.672031	849.412415
barcode
	1072.000000	130.000000	64.092812	844.073181
barcode, RR`
	1073.000000	95.000000	63.232220	914.848328
barcode, GG`
	1075.000000	94.000000	60.484127	914.027893
barcode, BB`
	1072.000000	128.000000	67.506981	846.437134
barcode
	1075.000000	118.000000	59.640163	863.769836
barcode
	1074.000000	119.000000	62.212093	865.671570
barcode
	1074.000000	124.000000	61.710175	854.251648
barcode
	1073.000000	130.000000	64.177559	841.126221
barcode
	1073.000000	130.000000	63.631977	844.947021
barcode
	1076.000000	120.000000	60.128654	863.333252
barcode
	1077.000000	96.000000	58.196564	908.892029
barcode
	1074.000000	118.000000	61.772854	864.553955
barcode
	1074.000000	122.000000	62.950882	860.099854
barcode
	1074.000000	125.000000	61.816807	850.997864
barcode
	1073.000000	130.000000	64.198311	840.841492
barcode
	1073.000000	131.000000	63.417042	842.486023
barcode
	1075.000000	119.000000	60.479073	863.489258
barcode
	1077.000000	95.000000	57.485733	911.240356
barcode
	1074.000000	117.000000	61.954594	866.190125
barcode
	1073.000000	124.000000	63.448196	856.151672
barcode
	1074.000000	125.000000	61.067719	851.342468
barcode
	1073.000000	130.000000	63.756001	841.490051
barcode
	1073.000000	131.000000	62.981594	841.183105
barcode, G`B
	1082.000000	67.000000	54.528015	969.052979
barcode
	1075.000000	118.000000	61.637337	869.313843
barcode
	1074.000000	110.000000	61.156963	882.966125
barcode
	1074.000000	115.000000	60.889648	871.385681
barcode
	1074.000000	122.000000	62.488167	858.855713
barcode
	1074.000000	122.000000	61.606064	857.120667
barcode
	1073.000000	130.000000	64.672699	840.424988
barcode
	1072.000000	131.000000	64.873245	842.433472
barcode, RR`
	1072.000000	96.000000	64.862312	913.082031
barcode, GG`
	1075.000000	101.000000	59.822433	900.570007
barcode, BB`
	1072.000000	114.000000	68.131523	874.780823
barcode
	1074.000000	125.000000	61.905411	850.990906
barcode
	1073.000000	123.000000	63.287472	857.703552
barcode
	1074.000000	125.000000	62.444729	851.672363
barcode
	1073.000000	126.000000	64.161972	848.857910
barcode
	1073.000000	129.000000	63.933628	844.137634
barcode
	1076.000000	117.000000	60.368401	868.815186
barcode
	1076.000000	103.000000	58.726418	896.841980
barcode
	1074.000000	117.000000	61.164043	866.649902
barcode
	1074.000000	122.000000	62.559734	859.645020
barcode
	1074.000000	121.000000	62.307045	859.663086
barcode
	1073.000000	126.000000	64.058182	848.153320
barcode
	1074.000000	128.000000	63.670151	848.656067
barcode
	1076.000000	114.000000	59.595566	875.933594
barcode
	1076.000000	100.000000	59.109173	902.368408
barcode
	1074.000000	118.000000	61.584255	864.279846
barcode
	1074.000000	123.000000	62.307987	857.268372
barcode
	1074.000000	120.000000	62.188919	861.954102
barcode
	1073.000000	127.000000	63.791737	846.947327
barcode
	1073.000000	133.000000	63.485493	838.909180
barcode, G`B
	1082.000000	69.000000	54.910797	963.286011
barcode
	1074.000000	121.000000	62.974613	863.888672
barcode
	1074.000000	116.000000	62.648361	868.987427
barcode
	1074.000000	117.000000	61.204346	865.918091
barcode
	1074.000000	122.000000	62.197517	859.168457
barcode
	1074.000000	125.000000	62.301785	851.633606
barcode
	1073.000000	127.000000	64.807907	847.410339
barcode
	1073.000000	131.000000	64.234039	841.314453
barcode, RR`
	1072.000000	93.000000	65.599243	919.360107
barcode, GG`
	1076.000000	103.000000	58.429146	897.064148
barcode, BB`
	1073.000000	121.000000	65.149277	860.365784
barcode
	1075.000000	122.000000	60.728500	857.086914
barcode
	1075.000000	120.000000	61.272549	863.099304
barcode
	1074.000000	123.000000	61.810261	856.358032
barcode
	1074.000000	123.000000	63.371815	854.754456
barcode, X`R
	1082.000000	152.000000	53.314445	793.854858
barcode, B`X
	1079.000000	94.000000	57.834354	916.303833
barcode
	1076.000000	103.000000	59.502373	897.147339
barcode
	1075.000000	113.000000	60.386665	872.642944
barcode
	1074.000000	122.000000	61.465614	858.061157
barcode
	1074.000000	122.000000	61.911880	858.407227
barcode
	1074.000000	123.000000	63.026089	857.359558
barcode
	1074.000000	134.000000	63.751987	836.455811
barcode
	1076.000000	118.000000	59.318115	867.802368
barcode
	1076.000000	103.000000	59.517300	897.592407
barcode
	1075.000000	111.000000	60.202103	876.801758
barcode
	1075.000000	122.000000	60.755280	858.197876
barcode
	1074.000000	117.000000	61.542534	868.470337
barcode
	1074.000000	123.000000	63.509495	856.488220
barcode
	1073.000000	132.000000	64.016960	840.358276
R`G, 
	1080.000000	59.000000	60.745270	986.592957
barcode
	1077.000000	104.000000	58.336136	893.927368
barcode
	1074.000000	116.000000	61.367855	869.171448
barcode
	1076.000000	111.000000	59.689621	877.267456
barcode
	1076.000000	121.000000	59.957619	859.394653
barcode
	1074.000000	120.000000	62.010155	862.377380
barcode
	1073.000000	119.000000	63.941597	864.977295
barcode
	1073.000000	129.000000	64.725021	846.253357
barcode, RR`
	1072.000000	104.000000	66.109901	896.218018
barcode, GG`
	1075.000000	103.000000	60.933575	900.086792
barcode, BB`
	1074.000000	117.000000	69.563805	871.315308
barcode
	1075.000000	122.000000	61.298660	858.072388
barcode
	1074.000000	127.000000	61.700455	849.781921
barcode
	1074.000000	120.000000	62.739887	863.682617
barcode
	1074.000000	122.000000	63.804409	858.574707
barcode
	1073.000000	132.000000	64.707535	840.387207
barcode
	1076.000000	122.000000	60.169395	860.524658
barcode
	1076.000000	111.000000	60.704433	882.332703
barcode
	1075.000000	114.000000	60.296368	873.188416
barcode
	1075.000000	129.000000	61.516701	844.629761
barcode
	1074.000000	121.000000	61.934731	861.789368
barcode
	1074.000000	122.000000	63.195404	857.919189
barcode
	1076.000000	125.000000	67.439499	850.922302
barcode
	1075.000000	120.000000	61.887276	864.854370
barcode
	1075.000000	111.000000	61.986000	882.864136
barcode
	1075.000000	113.000000	61.623428	874.714844
barcode
	1075.000000	125.000000	61.395786	853.341553
barcode
	1074.000000	116.000000	62.421848	870.593262
barcode
	1074.000000	120.000000	63.595711	861.805908
barcode
	1077.000000	126.000000	65.176270	849.171204
barcode, R`G
	1079.000000	98.000000	58.631016	907.647949
barcode
	1075.000000	110.000000	61.607979	884.012512
barcode
	1074.000000	129.000000	63.570312	844.605835
barcode
	1075.000000	113.000000	60.719769	875.788574
barcode
	1075.000000	125.000000	61.423679	852.646118
barcode
	1075.000000	115.000000	62.217228	871.972595
barcode
	1074.000000	120.000000	63.785721	863.014038
barcode
	1076.000000	125.000000	66.535271	851.464233
barcode, RR`
	1071.000000	103.000000	67.122414	899.480408
barcode, GG`
	1074.000000	99.000000	62.008503	907.030457
barcode, BB`
	1075.000000	121.000000	67.711365	864.134277
barcode
	1075.000000	122.000000	60.118355	858.670227
barcode
	1074.000000	127.000000	61.933994	848.409546
barcode
	1075.000000	115.000000	61.489082	872.087402
barcode
	1074.000000	121.000000	63.763817	862.773254
barcode
	1073.000000	115.000000	63.212765	875.280701
barcode
	1067.000000	127.000000	71.676605	849.500977
barcode
	1074.000000	116.000000	63.472260	873.564392
barcode
	1075.000000	115.000000	60.963158	872.210938
barcode
	1075.000000	127.000000	60.889114	848.321350
barcode
	1075.000000	116.000000	61.211113	871.296753
barcode
	1074.000000	118.000000	63.650688	868.202515
barcode
	1073.000000	137.000000	64.575249	832.742981
barcode
	1075.000000	121.000000	61.341560	861.993347
barcode
	1074.000000	117.000000	62.637772	871.167114
barcode
	1075.000000	117.000000	61.496723	868.036987
barcode
	1075.000000	130.000000	60.445568	842.021362
barcode
	1075.000000	116.000000	61.529095	870.261230
barcode
	1074.000000	118.000000	63.867859	867.781311
barcode
	1076.000000	122.000000	66.396881	858.314087
barcode
	1076.000000	76.000000	60.949959	952.432190
barcode
	1074.000000	118.000000	62.612465	870.173645
barcode
	1073.000000	127.000000	64.168457	848.790466
barcode
	1075.000000	120.000000	62.088875	861.444397
barcode
	1075.000000	128.000000	60.413746	846.824219
barcode
	1075.000000	118.000000	61.598022	866.779602
barcode
	1073.000000	109.000000	63.902573	883.874695
barcode
	1073.000000	131.000000	65.502678	843.589478
barcode, RR`
	1071.000000	106.000000	66.660866	894.304932
barcode, GG`
	1075.000000	100.000000	61.550446	906.580627
barcode, BB`
	1075.000000	120.000000	67.386078	863.705566
barcode
	1075.000000	115.000000	59.888264	872.646973
barcode
	1075.000000	125.000000	59.916412	851.319946
barcode
	1075.000000	109.000000	60.546318	884.072754
barcode
	1074.000000	119.000000	63.418594	864.624390
barcode
	1074.000000	134.000000	63.866867	837.453003
barcode
	1075.000000	120.000000	60.818031	862.694458
barcode
	1075.000000	115.000000	61.824730	875.113586
barcode
	1075.000000	119.000000	60.944782	864.191772
barcode
	1075.000000	129.000000	60.798660	844.321838
barcode
	1075.000000	110.000000	61.188911	881.416016
barcode
	1074.000000	116.000000	63.191101	871.423950
barcode
	1073.000000	134.000000	64.625763	837.388855
barcode
	1075.000000	120.000000	61.600220	864.563538
barcode
	1074.000000	115.000000	62.855587	875.180298
barcode
	1075.000000	115.000000	61.021236	871.654053
barcode
	1075.000000	124.000000	59.971958	853.106445
barcode
	1075.000000	107.000000	60.923531	887.183533
barcode
	1074.000000	117.000000	63.157604	868.874268
barcode
	1074.000000	130.000000	63.694332	844.606018
barcode, G`B
	1081.000000	73.000000	65.007568	956.896790
barcode, R`G
	1082.000000	102.000000	58.307922	902.752014
barcode
	1074.000000	124.000000	61.670357	854.224670
barcode
	1075.000000	116.000000	61.150181	869.911621
barcode
	1076.000000	124.000000	59.245937	854.480225
barcode
	1075.000000	107.000000	60.517624	887.175049
barcode
	1073.000000	118.000000	64.289871	867.606567
barcode
	1073.000000	140.000000	65.162476	825.923401
barcode, RR`
	1072.000000	104.000000	64.984772	898.516113
barcode, GG`
	1075.000000	99.000000	60.197754	908.172607
barcode, BB`
	1074.000000	130.000000	69.545120	842.887085
barcode
	1075.000000	113.000000	60.157734	876.446533
barcode
	1076.000000	124.000000	59.259178	853.310303
barcode
	1075.000000	106.000000	60.590530	888.719116
barcode
	1074.000000	113.000000	62.890247	878.011230
barcode, X`R
	1076.000000	102.000000	58.309757	898.158447
barcode
	1070.000000	126.000000	67.373222	851.862854
barcode
	1074.000000	109.000000	63.474918	885.236267
barcode
	1075.000000	123.000000	61.820248	857.052185
barcode
	1076.000000	128.000000	59.955139	846.411072
barcode
	1075.000000	115.000000	60.567429	872.677063
barcode
	1074.000000	118.000000	63.118664	868.452820
barcode
	1074.000000	140.000000	63.401142	825.899109
barcode
	1075.000000	120.000000	60.368942	863.599304
barcode
	1075.000000	118.000000	61.782303	870.822571
barcode
	1075.000000	117.000000	60.607994	867.917358
barcode
	1075.000000	127.000000	60.538166	847.525635
barcode
	1075.000000	112.000000	61.663170	878.120239
barcode
	1073.000000	120.000000	63.723873	864.217651
barcode
	1074.000000	140.000000	63.597965	826.538696
barcode
	1075.000000	120.000000	60.893475	863.754700
barcode
	1075.000000	122.000000	61.490658	862.215210
barcode
	1074.000000	123.000000	62.128666	856.026489
barcode
	1075.000000	120.000000	60.794762	863.277649
barcode
	1076.000000	127.000000	59.050766	847.456238
barcode
	1075.000000	109.000000	60.577503	883.385559
barcode
	1073.000000	113.000000	63.680420	876.421570
barcode
	1073.000000	139.000000	64.233109	826.898560
barcode, RR`
	1073.000000	107.000000	64.250618	892.632202
barcode, GG`
	1075.000000	97.000000	60.641514	912.330688
barcode, BB`
	1073.000000	136.000000	64.937027	830.547607
barcode
	1076.000000	107.000000	59.385067	888.849670
barcode
	1076.000000	128.000000	58.680347	846.361816
barcode
	1075.000000	109.000000	60.193542	884.270325
barcode
	1073.000000	119.000000	63.767403	865.068970
barcode, X`R
	1082.000000	167.000000	53.819134	763.503906
barcode
	1075.000000	109.000000	60.602333	885.019531
barcode
	1074.000000	120.000000	62.180943	865.571350
barcode
	1079.000000	124.000000	60.315701	851.543884
barcode
	1077.000000	120.000000	58.021557	862.263916
barcode
	1075.000000	106.000000	60.440083	889.687378
barcode
	1073.000000	122.000000	63.661163	857.923523
barcode
	1074.000000	142.000000	63.325115	820.680115
barcode
	1075.000000	118.000000	61.048622	867.385559
barcode
	1074.000000	123.000000	62.922020	860.166199
barcode
	1079.000000	121.000000	59.736847	857.897461
barcode
	1076.000000	120.000000	58.477226	862.490540
barcode
	1075.000000	108.000000	60.814125	886.101746
barcode
	1073.000000	123.000000	63.378998	857.152222
barcode
	1074.000000	144.000000	63.303802	817.732910
barcode
	1076.000000	116.000000	60.458141	871.665405
barcode
	1075.000000	120.000000	61.223988	866.185425
barcode
	1073.000000	133.000000	63.928055	836.368530
barcode
	1079.000000	120.000000	58.680099	859.881409
barcode
	1077.000000	120.000000	57.160217	861.124268
barcode
	1075.000000	107.000000	60.428410	887.980713
