barcode
	1034.000000	78.000000	78.820702	908.939514
barcode
	1028.000000	58.000000	84.254578	946.094238
barcode
	1028.000000	61.000000	85.072868	935.927490
barcode, R`G
	1034.000000	51.000000	76.797821	963.609924
barcode, BB`
	1028.000000	65.000000	81.584404	923.701050
barcode, RR`
	1034.000000	55.000000	74.166107	950.299377
barcode, GG`
	1030.000000	68.000000	84.754440	928.948242
barcode, BB`
	1026.000000	71.000000	81.216446	911.388367
barcode
	1034.000000	76.000000	82.162682	911.643799
barcode
	1029.000000	64.000000	82.982216	936.004578
barcode, R`G
	1040.000000	77.000000	77.964462	915.006348
barcode
	1028.000000	75.000000	82.762634	910.277466
barcode
	1033.000000	74.000000	79.466881	914.682434
barcode
	1033.000000	74.000000	75.775917	911.682922
barcode
	1037.000000	58.000000	72.917580	944.271912
barcode
	1034.000000	72.000000	82.925636	920.087158
barcode
	1028.000000	67.000000	84.079414	929.274414
barcode
	1027.000000	61.000000	85.524689	937.878296
barcode
	1029.000000	64.000000	81.972237	930.208801
barcode
	1029.000000	71.000000	79.953835	916.165283
barcode
	1031.000000	65.000000	77.835274	929.762146
barcode
	1037.000000	54.000000	73.688614	951.440857
barcode
	1033.000000	70.000000	81.085106	924.129211
barcode, GG`
	1028.000000	67.000000	83.740639	930.393555
barcode
	1028.000000	63.000000	85.721870	934.199951
barcode
	1030.000000	67.000000	81.315300	925.801331
barcode
	1029.000000	73.000000	79.960480	912.720093
barcode
	1031.000000	72.000000	77.283539	915.451355
barcode
	1036.000000	56.000000	71.721962	947.676453
barcode
	1034.000000	52.000000	76.913185	956.269470
barcode
	1034.000000	68.000000	81.390144	929.285461
barcode
	1028.000000	78.000000	85.390541	907.380432
barcode
	1028.000000	64.000000	84.677650	932.109924
barcode
	1029.000000	68.000000	82.449203	922.609131
barcode
	1028.000000	75.000000	80.307106	908.980164
barcode, RR`
	1034.000000	57.000000	76.160873	947.800659
barcode, GG`
	1031.000000	71.000000	86.560295	922.971924
barcode, BB`
	1027.000000	87.000000	82.058113	878.595154
barcode
	1033.000000	80.000000	82.857605	903.738159
barcode
	1027.000000	78.000000	85.403740	909.250183
barcode
	1028.000000	67.000000	86.126846	927.166626
barcode
	1028.000000	70.000000	84.460922	920.662964
barcode
	1028.000000	73.000000	80.482452	913.527771
barcode
	1031.000000	73.000000	80.401131	912.629578
barcode
	1036.000000	42.000000	77.009644	975.655212
barcode
	1033.000000	69.000000	83.968567	925.172913
barcode
	1028.000000	80.000000	86.408325	903.805237
barcode
	1028.000000	61.000000	87.353821	939.314758
barcode
	1029.000000	72.000000	84.295647	914.935547
barcode
	1028.000000	77.000000	82.719162	904.337036
barcode
	1032.000000	74.000000	80.200806	910.494812
barcode
	1035.000000	43.000000	77.424110	973.734497
barcode
	1033.000000	71.000000	82.508507	919.243652
barcode
	1028.000000	85.000000	84.922760	893.743896
barcode
	1027.000000	72.000000	87.083450	914.721252
barcode
	1030.000000	71.000000	82.420212	916.670105
barcode
	1028.000000	77.000000	82.528816	904.821167
barcode
	1031.000000	75.000000	81.029938	908.304199
barcode
	1034.000000	42.000000	78.393883	975.900574
barcode
	1032.000000	49.000000	79.441536	961.751770
barcode
	1033.000000	67.000000	83.764656	925.746826
barcode
	1028.000000	84.000000	85.167679	897.123474
barcode
	1028.000000	65.000000	83.810883	930.781311
barcode
	1029.000000	75.000000	82.132881	908.732239
barcode
	1028.000000	79.000000	82.424294	901.496948
barcode, RR`
	1033.000000	55.000000	81.544800	951.883423
barcode, GG`
	1035.000000	63.000000	84.183479	940.868469
barcode, BB`
	1027.000000	92.000000	84.407104	872.643372
barcode
	1034.000000	76.000000	82.993301	911.104736
barcode
	1029.000000	87.000000	84.578583	891.538391
barcode
	1029.000000	69.000000	84.813919	924.342468
barcode
	1030.000000	75.000000	82.630257	907.136230
barcode
	1028.000000	77.000000	82.965736	903.836426
barcode
	1031.000000	80.000000	82.850807	899.420959
barcode
	1033.000000	43.000000	80.504501	973.534912
barcode, B`X
	1032.000000	60.000000	79.773697	937.899231
barcode
	1030.000000	92.000000	84.721466	880.107727
barcode
	1028.000000	72.000000	85.130142	917.219116
barcode
	1029.000000	75.000000	83.453590	908.275696
barcode
	1029.000000	79.000000	82.993988	900.745422
barcode
	1030.000000	78.000000	83.339706	902.635864
barcode
	1033.000000	45.000000	80.184555	969.651917
barcode
	1034.000000	64.000000	83.877090	931.583618
barcode
	1030.000000	87.000000	82.495850	890.090149
barcode
	1029.000000	76.000000	83.312454	909.188049
barcode
	1029.000000	74.000000	83.413666	910.007263
barcode
	1029.000000	77.000000	82.375053	903.584656
barcode
	1030.000000	81.000000	83.006805	898.093689
barcode
	1033.000000	42.000000	80.240356	974.753967
barcode, GG`, 
	1035.000000	45.000000	82.139450	981.440674
barcode
	1036.000000	62.000000	81.587166	937.497803
R`G, 
	1033.000000	40.000000	83.993286	990.016907
barcode, GG`
	1036.000000	76.000000	80.895325	917.003235
barcode
	1029.000000	73.000000	83.563446	910.554443
barcode
	1029.000000	79.000000	83.231842	900.609253
barcode, RR`
	1032.000000	62.000000	85.362175	936.873352
barcode, GG`
	1037.000000	66.000000	78.832825	936.269043
barcode, BB`
	1027.000000	91.000000	84.397743	874.172058
barcode
	1035.000000	64.000000	82.478416	935.370422
barcode
	1032.000000	85.000000	79.757477	896.712219
barcode
	1032.000000	77.000000	80.798393	907.082336
barcode
	1031.000000	70.000000	83.502731	918.113892
barcode
	1029.000000	78.000000	81.689850	902.142944
barcode
	1030.000000	87.000000	80.924744	887.212097
barcode
	1033.000000	54.000000	78.239212	950.414001
barcode
	1035.000000	53.000000	84.057907	955.870911
barcode, GG`
	1032.000000	82.000000	79.305557	901.785400
barcode
	1031.000000	68.000000	82.265564	925.267090
barcode
	1030.000000	66.000000	84.109306	925.154724
barcode
	1029.000000	77.000000	82.616508	904.153931
barcode
	1029.000000	88.000000	84.002922	883.539001
barcode
	1032.000000	54.000000	81.214439	950.220215
barcode
	1035.000000	50.000000	83.707207	960.783630
barcode
	1033.000000	82.000000	79.517273	901.515198
barcode
	1033.000000	67.000000	78.526161	926.582092
barcode
	1030.000000	63.000000	83.763367	931.452576
barcode
	1030.000000	76.000000	82.406624	905.995850
barcode
	1029.000000	90.000000	84.209526	879.539429
barcode, R`G
	1032.000000	46.000000	80.096039	981.172424
barcode
	1032.000000	41.000000	78.988869	976.697388
barcode
	1035.000000	55.000000	82.540627	952.048218
barcode
	1033.000000	84.000000	77.864967	899.450623
barcode
	1033.000000	67.000000	77.664803	929.824219
barcode
	1030.000000	68.000000	82.613693	923.310547
barcode
	1029.000000	81.000000	81.605820	897.916443
barcode, RR`
	1032.000000	60.000000	84.276367	940.394348
barcode, GG`
	1036.000000	64.000000	79.142067	940.650879
barcode, BB`
	1028.000000	88.000000	82.757889	884.130127
barcode
	1033.000000	56.000000	78.935661	950.987122
barcode
	1030.000000	68.000000	80.772568	926.886292
barcode
	1035.000000	74.000000	74.579529	913.105835
barcode
	1031.000000	66.000000	81.923965	926.442871
barcode
	1030.000000	80.000000	80.799171	899.800903
barcode
	1028.000000	94.000000	84.285278	873.097534
barcode, R`G
	1033.000000	46.000000	78.901711	982.290283
barcode
	1036.000000	45.000000	79.518852	971.305603
barcode
	1034.000000	77.000000	76.283119	911.368225
barcode
	1034.000000	67.000000	76.006332	930.382996
barcode
	1031.000000	62.000000	81.468140	935.666077
barcode
	1029.000000	81.000000	81.983307	897.383240
barcode
	1028.000000	94.000000	83.305908	873.913879
barcode
	1031.000000	66.000000	81.664909	927.369934
barcode
	1034.000000	51.000000	79.999428	960.692139
barcode
	1033.000000	76.000000	76.013977	913.676941
barcode
	1034.000000	63.000000	75.134605	937.389771
barcode
	1031.000000	59.000000	81.270668	940.367798
barcode
	1029.000000	81.000000	81.907471	897.062012
barcode
	1028.000000	95.000000	84.694534	870.862183
barcode
	1031.000000	68.000000	79.972198	922.864868
barcode
	1031.000000	39.000000	78.714546	980.218201
barcode
	1035.000000	46.000000	77.746750	970.719055
barcode, GG`
	1033.000000	68.000000	78.288063	929.879822
barcode
	1035.000000	59.000000	73.954224	946.282715
barcode
	1031.000000	58.000000	81.705093	942.329102
barcode
	1029.000000	81.000000	82.628288	897.582703
barcode, RR`
	1031.000000	51.000000	83.683937	960.108948
barcode, GG`
	1035.000000	54.000000	80.225632	961.793152
barcode, BB`
	1029.000000	91.000000	82.985062	880.039307
barcode
	1033.000000	51.000000	75.198105	960.127625
barcode
	1034.000000	69.000000	75.114220	927.659058
barcode
	1035.000000	62.000000	73.168617	940.347046
barcode
	1032.000000	58.000000	79.379539	942.777222
barcode
	1029.000000	83.000000	80.635780	893.976807
barcode
	1027.000000	91.000000	83.151039	879.730835
barcode, G`B
	1033.000000	37.000000	71.586990	987.095886
barcode
	1031.000000	48.000000	79.991478	969.342407
barcode
	1035.000000	73.000000	72.542603	919.257996
barcode
	1035.000000	64.000000	72.852234	937.580383
barcode
	1033.000000	60.000000	80.279999	939.150696
barcode
	1030.000000	84.000000	81.115898	892.445435
barcode
	1028.000000	86.000000	82.204674	888.990601
barcode
	1031.000000	77.000000	81.996948	908.869507
barcode
	1034.000000	40.000000	76.183350	982.254578
barcode
	1034.000000	65.000000	75.589943	935.453491
barcode
	1035.000000	54.000000	73.562607	956.849182
barcode
	1033.000000	56.000000	82.287651	948.211487
barcode
	1030.000000	84.000000	80.923027	892.108582
barcode
	1028.000000	82.000000	82.790611	898.004272
barcode
	1031.000000	73.000000	80.556854	917.088074
barcode
	1029.000000	39.000000	82.241714	980.075439
barcode
	1033.000000	35.000000	75.849510	992.260010
barcode
	1035.000000	66.000000	73.279869	934.030457
barcode
	1035.000000	64.000000	71.646408	937.194519
barcode
	1033.000000	59.000000	77.557228	941.739441
barcode
	1030.000000	82.000000	77.929810	896.112732
barcode, RR`
	1031.000000	42.000000	80.364716	979.621887
barcode, GG`
	1033.000000	47.000000	76.975189	977.624023
barcode, BB`
	1030.000000	95.000000	80.314491	871.567932
barcode
	1034.000000	45.000000	73.210960	973.799072
barcode
	1035.000000	60.000000	73.298187	945.323547
barcode
	1035.000000	60.000000	72.725327	942.909058
barcode
	1034.000000	55.000000	78.110435	949.755371
barcode
	1030.000000	83.000000	80.355759	895.092651
barcode
	1029.000000	81.000000	79.425591	899.620361
barcode
	1031.000000	77.000000	81.768784	909.897644
barcode, B`X
	1034.000000	51.000000	73.968353	955.579590
barcode
	1036.000000	45.000000	72.930038	974.878113
barcode
	1034.000000	59.000000	74.481880	944.974548
barcode
	1037.000000	30.000000	66.179497	999.413574
barcode
	1031.000000	85.000000	79.323517	891.601257
barcode, G`B
	1035.000000	40.000000	68.451408	982.435486
barcode
	1028.000000	64.000000	81.664757	935.570251
barcode
	1033.000000	38.000000	74.106369	988.036255
barcode
	1035.000000	61.000000	74.929108	945.378052
barcode
	1035.000000	56.000000	72.541664	952.683777
barcode
	1034.000000	52.000000	78.087868	957.271973
barcode
	1030.000000	88.000000	81.390709	886.752686
barcode
	1029.000000	79.000000	80.445076	905.240479
barcode
	1030.000000	71.000000	86.827553	922.405701
barcode
	1029.000000	41.000000	80.596069	978.635803
barcode
	1034.000000	40.000000	76.209511	983.153015
barcode
	1034.000000	60.000000	77.129768	946.855530
barcode
	1036.000000	59.000000	72.923058	945.696167
barcode
	1035.000000	53.000000	75.289703	957.372375
barcode
	1031.000000	85.000000	80.222366	892.276306
barcode, RR`
	1033.000000	35.000000	80.787361	995.900574
barcode, R`G
	1034.000000	26.000000	75.838081	1021.304626
barcode
	1031.000000	83.000000	79.698311	898.075623
barcode
	1034.000000	38.000000	72.636368	988.535706
barcode, GG`
	1034.000000	60.000000	77.039917	947.851379
barcode
	1031.000000	59.000000	79.191605	937.856995
barcode
	1035.000000	51.000000	77.413498	960.044067
barcode
	1031.000000	86.000000	80.725250	890.355225
barcode
	1030.000000	77.000000	80.758720	908.366577
barcode
	1031.000000	72.000000	83.032570	922.175781
barcode
	1034.000000	46.000000	78.653015	972.991638
barcode
	1034.000000	63.000000	77.626663	940.940552
barcode
	1036.000000	60.000000	74.037041	944.486694
barcode
	1036.000000	53.000000	75.327850	956.388184
barcode
	1031.000000	84.000000	80.394821	896.557617
barcode
	1029.000000	77.000000	81.566917	908.508545
barcode
	1036.000000	57.000000	75.764648	951.757568
barcode
	1035.000000	48.000000	76.395172	965.945984
barcode
	1031.000000	81.000000	79.919868	901.192993
barcode, G`B
	1034.000000	38.000000	70.798943	986.762329
barcode
	1028.000000	70.000000	83.314247	921.735718
barcode
	1030.000000	42.000000	79.953049	977.563965
barcode
	1034.000000	43.000000	74.942551	978.912781
barcode, GG`
	1032.000000	59.000000	80.043007	949.394531
barcode
	1036.000000	58.000000	73.032043	948.482849
barcode
	1036.000000	54.000000	74.624397	955.521362
barcode
	1032.000000	81.000000	79.711723	901.002869
barcode, RR`
	1033.000000	21.000000	83.785362	1024.193970
barcode, R`G
	1035.000000	28.000000	77.220879	1018.331665
barcode
	1032.000000	84.000000	80.043816	896.220764
barcode
	1033.000000	41.000000	73.846146	984.608276
barcode, R`G
	1028.000000	45.000000	83.938011	978.896118
barcode, GG`
	1034.000000	27.000000	75.766815	1016.423584
barcode
	1034.000000	56.000000	79.232315	951.771179
barcode
	1032.000000	80.000000	81.201981	902.812622
barcode
	1030.000000	78.000000	82.729256	904.158264
barcode
	1029.000000	76.000000	85.052406	913.052673
barcode
	1032.000000	47.000000	82.548004	969.846497
barcode, GG`
	1031.000000	60.000000	83.886375	945.294373
barcode
	1036.000000	63.000000	77.140083	937.723938
barcode
	1035.000000	59.000000	79.739746	945.893250
barcode
	1033.000000	75.000000	81.433838	911.721375
barcode
	1030.000000	75.000000	82.501549	910.132629
barcode
	1030.000000	75.000000	85.487190	914.409546
barcode
	1033.000000	47.000000	80.790886	968.925598
barcode, GG`
	1031.000000	61.000000	82.727921	943.722656
barcode
	1035.000000	68.000000	78.407112	926.153320
barcode
	1035.000000	63.000000	79.244064	937.139160
barcode
	1033.000000	81.000000	79.786774	900.657471
barcode
	1032.000000	75.000000	79.161011	909.689392
barcode
	1030.000000	76.000000	83.680870	911.448669
barcode
	1029.000000	41.000000	84.230499	979.002258
barcode
	1033.000000	48.000000	81.996216	966.234009
barcode, GG`
	1031.000000	61.000000	83.225967	944.225769
barcode
	1035.000000	60.000000	76.692802	941.547668
barcode
	1034.000000	65.000000	79.135689	933.333496
barcode
	1033.000000	80.000000	79.903526	901.940063
barcode, X`R
	1037.000000	0.000000	77.087799	1058.615601
barcode
	1032.000000	62.000000	81.387444	937.879517
barcode, BB`
	1032.000000	88.000000	79.646317	884.661438
barcode
	1032.000000	56.000000	78.427299	951.624817
barcode, GG`
	1032.000000	54.000000	82.894653	958.556580
barcode
	1034.000000	57.000000	78.770660	947.392395
barcode
	1033.000000	67.000000	80.302376	930.993347
barcode
	1033.000000	68.000000	78.407951	926.902893
barcode
	1033.000000	76.000000	77.038834	909.321838
barcode
	1029.000000	81.000000	82.465309	902.266235
barcode
	1032.000000	52.000000	80.439987	958.869751
barcode, GG`
	1030.000000	54.000000	83.097404	956.199463
barcode
	1035.000000	59.000000	77.266609	943.351501
barcode
	1035.000000	65.000000	79.677628	935.446716
barcode
	1034.000000	79.000000	78.787544	903.207092
barcode
	1031.000000	73.000000	80.553879	914.028320
barcode
	1030.000000	78.000000	84.840622	907.666687
barcode
	1034.000000	67.000000	80.692078	929.847839
barcode
	1033.000000	80.000000	80.193794	900.367981
barcode
	1031.000000	73.000000	81.357620	913.546326
barcode
	1030.000000	79.000000	85.661530	906.674255
barcode
	1028.000000	47.000000	87.035980	966.660645
barcode
	1032.000000	52.000000	80.816704	959.510071
barcode, GG`
	1030.000000	54.000000	84.531662	957.735535
barcode
	1034.000000	65.000000	79.391670	931.960266
barcode
	1035.000000	64.000000	79.227188	937.255981
barcode
	1033.000000	83.000000	77.661247	896.963989
barcode, RR`
	1029.000000	27.000000	92.154297	1009.383911
barcode, GG`
	1029.000000	41.000000	82.996498	984.056396
barcode, BB`
	1032.000000	80.000000	76.619362	900.888245
barcode
	1030.000000	46.000000	79.894638	969.936218
barcode, GG`
	1030.000000	53.000000	85.394409	958.700134
barcode
	1034.000000	65.000000	79.548256	929.799805
barcode
	1035.000000	68.000000	80.311317	928.372375
barcode
	1034.000000	68.000000	78.284592	925.124084
barcode
	1033.000000	76.000000	77.694328	909.359375
barcode
	1030.000000	83.000000	83.974335	898.759949
barcode
	1032.000000	57.000000	80.825783	947.541992
barcode, GG`
	1030.000000	54.000000	85.775291	956.364990
barcode
	1034.000000	60.000000	78.656471	939.107727
barcode
	1034.000000	64.000000	80.544029	937.539062
barcode
	1034.000000	79.000000	78.361679	903.116211
barcode
	1031.000000	73.000000	80.253922	913.807922
barcode
	1031.000000	82.000000	82.732025	901.710754
barcode
	1031.000000	58.000000	81.908699	945.837708
barcode, GG`
	1029.000000	58.000000	85.947594	947.001099
barcode
	1034.000000	64.000000	79.789055	931.556274
barcode
	1030.000000	79.000000	84.328751	904.099426
barcode
	1028.000000	51.000000	86.055191	959.454102
barcode
	1031.000000	58.000000	79.334969	945.974976
barcode, GG`
	1029.000000	58.000000	82.456223	947.115540
barcode
	1034.000000	61.000000	77.590935	937.751404
barcode
	1034.000000	64.000000	81.767136	936.397827
barcode
	1034.000000	77.000000	79.114059	904.890259
barcode, RR`
	1028.000000	31.000000	96.844505	1000.288391
barcode, GG`
	1030.000000	42.000000	84.510368	979.790588
barcode, BB`
	1031.000000	75.000000	76.015388	909.923218
barcode
	1030.000000	50.000000	79.963486	962.389160
barcode, GG`
	1029.000000	62.000000	84.743385	937.012329
barcode
	1035.000000	60.000000	76.980415	940.324280
barcode
	1034.000000	65.000000	80.198738	935.771790
barcode
	1034.000000	77.000000	77.805939	907.905762
barcode, B`X
	1032.000000	56.000000	79.315674	947.597107
barcode
	1032.000000	76.000000	82.690826	913.407166
barcode
	1030.000000	52.000000	82.147507	959.777100
barcode, GG`
	1029.000000	64.000000	86.168335	934.758728
barcode
	1035.000000	61.000000	78.932922	936.985474
barcode
	1034.000000	65.000000	81.059738	935.358154
barcode
	1034.000000	78.000000	78.979568	904.631836
barcode
	1031.000000	67.000000	79.835876	925.727661
barcode
	1030.000000	72.000000	85.030075	919.377869
barcode
	1030.000000	54.000000	82.512711	954.753174
barcode
	1029.000000	66.000000	85.970818	931.887939
barcode
	1035.000000	64.000000	78.224541	932.144714
barcode
	1033.000000	64.000000	82.517143	936.093628
barcode
	1033.000000	73.000000	78.917358	912.930786
barcode
	1030.000000	65.000000	81.188774	928.382874
barcode
	1030.000000	75.000000	84.409447	914.590820
barcode
	1029.000000	54.000000	87.024879	952.600586
barcode
	1029.000000	56.000000	82.916222	950.093872
barcode, GG`
	1028.000000	66.000000	87.213081	929.345276
barcode
	1034.000000	65.000000	80.024384	927.684937
barcode
	1034.000000	65.000000	82.603127	934.327637
barcode
	1034.000000	76.000000	78.619209	907.731079
barcode, RR`
	1031.000000	30.000000	90.926750	1002.101929
barcode, R`G
	1033.000000	34.000000	82.475189	1004.442871
barcode
	1034.000000	79.000000	77.418762	901.679443
barcode, B`X
	1029.000000	57.000000	81.475693	947.302856
barcode
	1028.000000	63.000000	85.984657	935.579102
