barcode
	1132.000000	0.000000	91.998573	1051.241821
barcode
	1127.000000	0.000000	103.499390	1048.432983
barcode
	1125.000000	11.000000	104.281128	1017.493530
barcode
	1124.000000	8.000000	106.048584	1022.774597
barcode
	1123.000000	8.000000	106.919151	1020.001404
barcode
	1120.000000	10.000000	113.389977	1014.023071
barcode
	1126.000000	0.000000	105.073051	1044.950195
barcode, RR`
	1133.000000	0.000000	104.291901	1042.456543
barcode, GG`
	1130.000000	0.000000	90.970383	1080.000000
barcode, BB`
	1132.000000	16.000000	91.972427	1003.834045
barcode
	1122.000000	15.000000	110.814888	1008.695312
barcode
	1123.000000	9.000000	106.979958	1020.312012
barcode
	1122.000000	5.000000	109.641182	1024.634766
barcode
	1119.000000	10.000000	115.381828	1014.355408
barcode
	1125.000000	0.000000	107.164139	1056.438965
barcode
	1128.000000	0.000000	101.309647	1080.000000
barcode
	1130.000000	0.000000	96.212372	1078.700928
barcode
	1125.000000	9.000000	104.074814	1019.847351
barcode
	1123.000000	8.000000	108.417183	1022.466492
barcode
	1122.000000	5.000000	109.664391	1026.492188
barcode
	1119.000000	8.000000	115.957108	1017.469238
barcode
	1123.000000	0.000000	109.943893	1071.875000
barcode
	1127.000000	0.000000	103.129616	1080.000000
barcode
	1130.000000	0.000000	97.252182	1080.000000
barcode
	1125.000000	10.000000	105.438828	1019.582275
barcode
	1122.000000	6.000000	110.362129	1025.776001
barcode
	1122.000000	8.000000	110.070045	1018.733826
barcode
	1119.000000	9.000000	115.273071	1013.993347
barcode
	1124.000000	0.000000	107.967209	1053.651855
barcode
	1126.000000	0.000000	104.585915	1079.710327
barcode
	1131.000000	0.000000	95.841866	1076.402466
barcode
	1131.000000	6.000000	107.771385	1028.224854
barcode
	1124.000000	6.000000	106.942314	1027.205811
barcode
	1122.000000	2.000000	109.980301	1033.418579
barcode
	1121.000000	7.000000	112.544724	1020.662109
barcode
	1118.000000	9.000000	117.478020	1015.424194
barcode
	1124.000000	0.000000	108.685265	1059.568604
barcode, RR`
	1131.000000	0.000000	107.534119	1053.512817
barcode, GG`
	1131.000000	0.000000	90.735649	1080.000000
barcode, BB`
	1132.000000	21.000000	92.940353	993.696106
barcode
	1121.000000	14.000000	112.734573	1010.162720
barcode
	1122.000000	5.000000	110.266861	1026.869751
barcode
	1121.000000	8.000000	110.866127	1018.689392
barcode
	1118.000000	11.000000	117.305977	1010.981689
barcode
	1123.000000	0.000000	110.417030	1055.933350
barcode
	1126.000000	0.000000	105.281387	1080.000000
barcode
	1129.000000	0.000000	99.201378	1080.000000
barcode
	1124.000000	3.000000	106.822754	1032.348999
barcode
	1122.000000	0.000000	112.214783	1039.700684
barcode
	1121.000000	8.000000	112.014313	1018.755005
barcode
	1118.000000	10.000000	119.152893	1013.839478
barcode
	1123.000000	0.000000	111.958488	1067.575439
barcode
	1126.000000	0.000000	105.118958	1080.000000
barcode
	1129.000000	0.000000	98.605019	1080.000000
barcode
	1124.000000	1.000000	108.282990	1034.919067
barcode
	1126.000000	24.000000	118.583572	991.589844
barcode
	1121.000000	8.000000	111.531693	1018.403076
barcode
	1118.000000	8.000000	117.722290	1016.030884
barcode
	1123.000000	0.000000	110.513741	1066.740112
barcode
	1126.000000	0.000000	106.065376	1080.000000
barcode
	1130.000000	0.000000	97.524780	1080.000000
barcode
	1131.000000	0.000000	107.886879	1043.516235
barcode
	1124.000000	5.000000	106.988739	1028.929321
barcode
	1126.000000	28.000000	120.859795	985.208496
barcode
	1121.000000	6.000000	111.198364	1022.959656
barcode
	1118.000000	6.000000	119.063904	1021.884155
barcode
	1130.000000	18.000000	108.870728	1001.186096
barcode, RR`
	1130.000000	0.000000	109.093948	1050.170532
barcode, GG`
	1131.000000	0.000000	91.736435	1080.000000
barcode, BB`
	1132.000000	29.000000	94.320862	980.779358
barcode
	1136.000000	0.000000	82.985535	1076.612183
barcode
	1126.000000	13.000000	119.361778	1012.854553
barcode
	1121.000000	4.000000	112.907463	1026.818115
barcode
	1118.000000	8.000000	118.753281	1017.462158
barcode
	1130.000000	18.000000	108.762138	997.952881
barcode
	1133.000000	7.000000	103.753189	1017.093018
barcode
	1129.000000	0.000000	98.787621	1080.000000
barcode
	1125.000000	0.000000	107.066956	1037.477905
barcode
	1126.000000	26.000000	119.816719	987.747314
barcode
	1120.000000	3.000000	113.765488	1028.618530
barcode
	1118.000000	8.000000	120.118935	1018.521729
barcode
	1130.000000	16.000000	108.764503	1004.303406
barcode
	1133.000000	7.000000	102.967178	1019.666077
barcode
	1128.000000	0.000000	101.010544	1080.000000
barcode
	1128.000000	18.000000	113.680428	1003.171570
barcode
	1126.000000	31.000000	120.909592	979.437378
barcode
	1121.000000	6.000000	112.585297	1021.908569
barcode
	1118.000000	9.000000	118.770157	1015.761292
barcode
	1130.000000	23.000000	109.649994	988.161743
barcode
	1133.000000	9.000000	103.838684	1013.931213
barcode
	1128.000000	0.000000	100.891296	1080.000000
barcode
	1132.000000	0.000000	106.333748	1045.146729
barcode
	1126.000000	1.000000	105.308937	1036.789551
barcode
	1127.000000	24.000000	117.760452	992.444824
barcode
	1120.000000	6.000000	115.435303	1022.151733
barcode
	1118.000000	3.000000	120.480209	1026.719360
barcode
	1130.000000	19.000000	109.380173	998.682129
barcode, RR`
	1128.000000	3.000000	114.614227	1035.882935
barcode, GG`
	1129.000000	0.000000	95.111389	1045.101196
barcode, BB`
	1124.000000	15.000000	118.589134	1011.675354
barcode
	1135.000000	0.000000	83.674614	1078.142090
barcode
	1126.000000	16.000000	120.189842	1007.161377
barcode
	1121.000000	5.000000	113.696838	1023.423767
barcode
	1118.000000	7.000000	120.330078	1018.611206
barcode
	1130.000000	22.000000	111.187416	991.392822
barcode
	1131.000000	8.000000	106.465744	1017.268616
barcode
	1128.000000	0.000000	101.724937	1080.000000
barcode
	1127.000000	21.000000	116.341927	996.178650
barcode
	1127.000000	27.000000	118.630409	987.718079
barcode
	1120.000000	6.000000	115.104187	1021.759644
barcode
	1118.000000	4.000000	121.486732	1026.049316
barcode
	1130.000000	21.000000	110.410660	995.028503
barcode
	1131.000000	8.000000	106.343636	1017.377014
barcode
	1134.000000	4.000000	99.828850	1030.378784
barcode
	1127.000000	19.000000	115.735077	1001.197876
barcode
	1127.000000	27.000000	119.252022	987.575867
barcode
	1121.000000	3.000000	115.253403	1029.222656
barcode
	1118.000000	3.000000	121.462624	1027.713135
barcode
	1129.000000	20.000000	112.903374	995.158630
barcode
	1132.000000	5.000000	106.714149	1024.736694
barcode
	1134.000000	9.000000	101.209534	1017.781128
barcode
	1131.000000	0.000000	109.895218	1046.590088
barcode
	1128.000000	19.000000	115.713440	999.166077
barcode
	1127.000000	29.000000	120.445587	984.305420
barcode
	1128.000000	20.000000	115.285271	994.676025
barcode
	1127.000000	24.000000	116.174026	988.880676
barcode
	1130.000000	18.000000	111.745773	1001.878479
barcode, RR`
	1126.000000	13.000000	118.641014	1017.755371
barcode, GG`
	1128.000000	16.000000	99.355408	1003.761658
barcode, BB`
	1126.000000	8.000000	116.894104	1027.145508
barcode
	1124.000000	25.000000	123.619469	993.405090
barcode
	1128.000000	31.000000	120.375824	981.060486
barcode
	1128.000000	19.000000	116.589111	998.519653
barcode
	1127.000000	24.000000	117.841698	987.451172
barcode
	1130.000000	21.000000	114.597977	993.750366
barcode
	1131.000000	15.000000	109.278748	1005.211731
barcode
	1132.000000	12.000000	104.989845	1014.498291
barcode
	1127.000000	25.000000	118.842148	988.843994
barcode
	1128.000000	32.000000	120.008400	977.300598
barcode
	1128.000000	18.000000	116.358841	998.538696
barcode
	1127.000000	25.000000	118.241409	985.555969
barcode
	1130.000000	20.000000	114.013512	996.699524
barcode
	1132.000000	15.000000	108.136559	1005.728271
barcode
	1133.000000	14.000000	104.395782	1011.031128
barcode
	1128.000000	22.000000	117.044189	995.833862
barcode
	1128.000000	33.000000	119.977615	976.295044
barcode
	1128.000000	18.000000	116.655525	999.874573
barcode
	1126.000000	25.000000	118.749100	985.193481
barcode
	1130.000000	23.000000	113.229523	992.175354
barcode
	1132.000000	14.000000	107.442879	1008.204468
barcode
	1133.000000	13.000000	104.724098	1012.868347
barcode
	1132.000000	0.000000	110.375977	1049.514893
barcode
	1128.000000	17.000000	116.923370	1003.791565
barcode
	1128.000000	32.000000	118.628593	977.056396
barcode
	1128.000000	17.000000	114.531311	1001.873413
barcode
	1128.000000	27.000000	114.616867	981.951904
barcode
	1130.000000	20.000000	112.748840	998.042114
barcode, RR`
	1126.000000	15.000000	119.234116	1012.731262
barcode, GG`
	1128.000000	25.000000	98.870750	988.076538
barcode, BB`
	1126.000000	3.000000	119.100533	1034.154419
barcode
	1124.000000	20.000000	121.583931	1003.645264
barcode
	1129.000000	27.000000	117.745354	987.418457
barcode
	1128.000000	12.000000	116.525551	1011.350586
barcode
	1127.000000	18.000000	119.060585	999.398682
barcode
	1130.000000	17.000000	114.445480	1002.759521
barcode
	1132.000000	17.000000	109.449944	1003.356567
barcode
	1131.000000	13.000000	108.193710	1014.624023
barcode
	1128.000000	19.000000	117.455238	1001.439636
barcode
	1129.000000	30.000000	118.912086	982.691406
barcode
	1129.000000	14.000000	116.052208	1007.470459
barcode
	1126.000000	19.000000	120.721733	997.200439
barcode
	1130.000000	19.000000	115.016724	999.224609
barcode
	1131.000000	16.000000	110.516518	1004.180115
barcode
	1130.000000	16.000000	108.602493	1007.355408
barcode
	1128.000000	19.000000	117.350761	1000.144714
barcode
	1129.000000	29.000000	116.908997	982.847839
barcode
	1128.000000	10.000000	116.408142	1015.514954
barcode
	1127.000000	17.000000	116.988708	1000.045532
barcode
	1130.000000	21.000000	113.363861	996.753113
barcode
	1131.000000	16.000000	109.955582	1006.461975
barcode
	1131.000000	14.000000	107.552063	1011.287292
barcode
	1131.000000	1.000000	112.242813	1039.309692
barcode
	1128.000000	18.000000	116.395859	1004.365051
barcode
	1130.000000	33.000000	117.291061	977.474976
barcode
	1129.000000	10.000000	115.441216	1015.971802
barcode
	1127.000000	18.000000	118.445236	999.164551
barcode
	1130.000000	22.000000	114.964523	994.829712
barcode, RR`
	1125.000000	12.000000	121.377441	1017.761902
barcode, GG`
	1128.000000	32.000000	99.401482	976.325928
barcode, BB`
	1127.000000	2.000000	117.138016	1037.377441
barcode
	1126.000000	22.000000	117.823921	1000.014526
barcode
	1130.000000	30.000000	116.814934	983.093445
barcode
	1129.000000	16.000000	116.800491	1004.925171
barcode
	1128.000000	22.000000	118.465530	991.808655
barcode
	1131.000000	19.000000	114.414780	999.605530
barcode
	1131.000000	19.000000	110.474579	999.784241
barcode
	1131.000000	14.000000	107.637634	1013.504578
barcode
	1129.000000	18.000000	116.188255	1004.153992
barcode
	1130.000000	33.000000	115.999306	976.093628
barcode
	1130.000000	10.000000	115.101845	1016.130066
barcode
	1128.000000	22.000000	118.234680	992.623718
barcode
	1131.000000	20.000000	115.587601	998.491943
barcode
	1131.000000	21.000000	111.868797	997.429321
barcode
	1130.000000	15.000000	110.181122	1011.710571
barcode
	1130.000000	20.000000	114.897705	999.945374
barcode
	1131.000000	29.000000	115.545288	983.922852
barcode
	1131.000000	14.000000	114.352440	1008.748657
barcode
	1128.000000	22.000000	118.951370	992.638306
barcode
	1130.000000	19.000000	119.429237	999.967224
barcode
	1131.000000	21.000000	111.947884	999.197449
barcode
	1130.000000	17.000000	109.872398	1006.653259
barcode
	1131.000000	4.000000	113.642868	1032.190918
barcode
	1129.000000	16.000000	116.748077	1007.302734
barcode
	1130.000000	32.000000	116.906029	977.622620
barcode
	1131.000000	10.000000	114.443916	1016.641113
barcode
	1130.000000	22.000000	116.456886	993.980347
barcode
	1131.000000	20.000000	116.892136	1000.183716
barcode, RR`
	1125.000000	13.000000	121.426392	1016.629333
barcode, GG`
	1126.000000	67.000000	119.528671	905.823792
barcode, BB`
	1128.000000	0.000000	115.868721	1044.162720
barcode
	1127.000000	21.000000	117.504578	1002.607605
barcode
	1132.000000	25.000000	114.841217	992.477051
barcode
	1131.000000	7.000000	115.111809	1021.619263
barcode
	1129.000000	23.000000	119.548477	991.567688
barcode
	1131.000000	16.000000	116.836746	1006.286255
barcode
	1132.000000	19.000000	111.726120	1002.744568
barcode
	1130.000000	18.000000	111.343124	1007.249146
barcode
	1130.000000	16.000000	116.710243	1007.763550
barcode
	1131.000000	28.000000	117.119522	983.858215
barcode
	1131.000000	10.000000	115.119034	1017.500000
barcode
	1129.000000	25.000000	118.873505	989.185120
barcode
	1132.000000	20.000000	114.236404	999.087769
barcode
	1132.000000	21.000000	111.093575	999.871216
barcode
	1130.000000	22.000000	110.896873	1000.461426
barcode
	1130.000000	19.000000	114.911446	1001.827698
barcode
	1131.000000	33.000000	115.601158	975.572266
barcode
	1131.000000	10.000000	114.840652	1016.634521
barcode
	1130.000000	27.000000	118.502777	986.010925
barcode
	1131.000000	22.000000	117.177757	996.686829
barcode
	1131.000000	22.000000	110.875801	999.530090
barcode
	1130.000000	18.000000	109.635040	1007.432434
barcode
	1133.000000	8.000000	111.567093	1026.334961
barcode
	1129.000000	18.000000	115.719193	1005.079590
barcode
	1131.000000	32.000000	114.279640	977.253052
barcode
	1131.000000	15.000000	114.634277	1008.415405
barcode
	1130.000000	30.000000	118.942528	981.832458
barcode
	1132.000000	21.000000	115.942764	997.312195
barcode, RR`
	1125.000000	9.000000	120.385239	1022.495544
barcode, GG`
	1130.000000	25.000000	97.233620	995.787537
barcode, BB`
	1128.000000	3.000000	114.684280	1032.904907
barcode
	1128.000000	25.000000	114.422569	993.789734
barcode
	1132.000000	30.000000	114.452621	982.901367
barcode
	1131.000000	10.000000	115.180038	1016.361938
barcode
	1129.000000	28.000000	119.865234	983.672913
barcode
	1131.000000	23.000000	118.403488	995.335388
barcode
	1131.000000	25.000000	114.571335	994.025269
barcode
	1129.000000	20.000000	113.312027	1005.065491
barcode
	1130.000000	19.000000	117.423790	1003.405640
barcode
	1132.000000	30.000000	116.058006	982.152954
barcode
	1131.000000	13.000000	114.450211	1012.253113
barcode
	1131.000000	29.000000	118.744431	983.187988
barcode
	1131.000000	19.000000	119.161324	1002.540894
barcode
	1131.000000	19.000000	115.092781	1005.662964
barcode
	1130.000000	22.000000	111.884727	1001.026672
barcode
	1130.000000	17.000000	117.236740	1007.681274
barcode
	1132.000000	30.000000	115.590431	980.899231
barcode
	1131.000000	11.000000	115.393867	1016.784363
barcode
	1131.000000	31.000000	116.700432	980.698120
barcode
	1132.000000	19.000000	116.994713	1001.978210
barcode
	1131.000000	21.000000	113.942017	1001.237976
barcode
	1129.000000	23.000000	113.015427	998.685852
barcode
	1132.000000	13.000000	115.331032	1015.353943
barcode
	1130.000000	21.000000	117.327728	997.967834
barcode
	1132.000000	27.000000	114.034569	988.633362
barcode
	1131.000000	11.000000	114.565208	1015.730652
barcode
	1132.000000	35.000000	118.863235	973.390869
barcode
	1132.000000	22.000000	118.289207	996.474060
barcode, RR`
	1126.000000	3.000000	120.351723	1036.098877
GG` 
	1128.000000	13.000000	116.583351	1019.518677
barcode, BB`
	1127.000000	6.000000	116.030434	1025.709351
barcode
	1130.000000	23.000000	112.401047	999.377686
barcode
	1133.000000	27.000000	114.219452	987.814453
barcode
	1132.000000	13.000000	113.673851	1013.452454
barcode
	1131.000000	32.000000	120.058563	978.376709
barcode
	1132.000000	21.000000	118.758141	997.895752
barcode
	1132.000000	19.000000	115.638260	1006.249329
barcode
	1129.000000	20.000000	113.032433	1005.151367
barcode
	1131.000000	21.000000	114.800995	998.900146
barcode
	1133.000000	31.000000	114.782486	979.849731
barcode
	1132.000000	16.000000	113.716293	1007.370056
barcode
	1131.000000	33.000000	119.885185	977.554443
barcode
	1132.000000	25.000000	118.096054	990.935547
barcode
	1133.000000	24.000000	113.562920	996.901672
barcode
	1131.000000	23.000000	110.990349	999.257263
barcode
	1132.000000	24.000000	116.820961	993.051819
barcode
	1133.000000	29.000000	116.109985	983.831116
barcode
	1131.000000	11.000000	116.817741	1016.957397
barcode
	1131.000000	33.000000	122.050865	978.344543
barcode
	1132.000000	27.000000	115.849167	985.352905
barcode
	1132.000000	21.000000	113.716957	1002.208984
barcode
	1130.000000	22.000000	111.045952	1001.542969
barcode
	1133.000000	13.000000	113.143806	1016.926819
barcode
	1132.000000	20.000000	112.880005	1001.861511
barcode
	1134.000000	29.000000	111.972061	984.276184
barcode
	1132.000000	14.000000	113.982147	1012.543579
barcode
	1132.000000	40.000000	117.373657	964.657959
barcode
	1132.000000	28.000000	116.129944	985.146362
barcode, RR`
	1127.000000	0.000000	116.825668	1043.088257
GG`
	1128.000000	5.000000	115.375053	1034.582764
barcode, BB`
	1128.000000	8.000000	114.188843	1020.879822
barcode
	1130.000000	19.000000	110.283852	1005.324646
barcode
	1135.000000	23.000000	111.377235	994.855957
barcode
	1132.000000	15.000000	113.464775	1010.470947
barcode
	1133.000000	35.000000	115.791016	972.944336
barcode
	1133.000000	26.000000	115.344208	988.139832
barcode
	1131.000000	18.000000	114.385918	1008.655273
barcode
	1130.000000	22.000000	113.257820	1000.515625
barcode
	1132.000000	21.000000	114.056961	999.875549
barcode
	1134.000000	27.000000	112.656570	987.157166
barcode
	1132.000000	12.000000	115.341789	1016.800842
barcode
	1133.000000	41.000000	117.388123	962.100891
barcode
	1133.000000	31.000000	116.161530	978.262451
barcode
	1131.000000	19.000000	115.959724	1005.760559
barcode
	1130.000000	22.000000	112.302505	1001.805359
barcode
	1132.000000	22.000000	114.663086	998.079102
barcode
	1134.000000	23.000000	111.830719	994.022583
barcode
	1132.000000	12.000000	113.972580	1016.457031
barcode
	1133.000000	37.000000	116.946365	968.910034
barcode
	1133.000000	32.000000	117.056648	974.261230
barcode
	1132.000000	19.000000	115.848488	1006.302795
barcode
	1130.000000	19.000000	113.127869	1005.793701
barcode
	1133.000000	11.000000	112.090904	1018.455505
barcode
	1133.000000	22.000000	113.633781	996.251343
barcode
	1134.000000	25.000000	112.564651	990.770996
barcode
	1132.000000	14.000000	114.147423	1011.145020
barcode
	1134.000000	42.000000	116.525421	959.170654
barcode
	1134.000000	29.000000	115.366768	980.107178
barcode, RR`
	1128.000000	0.000000	116.011353	1041.165039
barcode, GG`
	1128.000000	9.000000	100.606903	1028.052246
barcode, BB`
	1127.000000	15.000000	115.508324	1000.794373
barcode
	1131.000000	22.000000	108.434891	998.564209
barcode
	1135.000000	27.000000	110.224716	986.945679
barcode
	1132.000000	14.000000	114.314629	1012.250549
barcode
	1134.000000	42.000000	117.728546	959.445129
barcode
	1134.000000	31.000000	115.216606	976.598755
barcode
	1133.000000	18.000000	115.516861	1008.780396
barcode
	1132.000000	18.000000	110.678474	1009.808655
barcode
	1134.000000	23.000000	109.957932	995.882874
barcode
	1135.000000	25.000000	109.055939	990.964111
barcode
	1133.000000	14.000000	113.461449	1012.144958
barcode
	1134.000000	42.000000	117.346214	958.933716
barcode
	1134.000000	32.000000	114.464851	976.088074
barcode
	1133.000000	21.000000	113.823090	1003.045654
barcode
	1131.000000	19.000000	110.647934	1005.408936
barcode
	1134.000000	25.000000	109.935272	991.780273
barcode
	1135.000000	29.000000	110.759705	982.297241
barcode
	1132.000000	15.000000	114.406036	1008.650879
barcode
	1134.000000	45.000000	117.328880	952.278748
barcode
	1133.000000	36.000000	117.289688	968.047058
barcode
	1133.000000	18.000000	114.088402	1009.905762
barcode
	1132.000000	17.000000	110.016533	1010.745239
barcode
	1133.000000	11.000000	110.434242	1019.268005
barcode
	1134.000000	30.000000	109.083878	982.566528
barcode
	1136.000000	28.000000	108.713997	985.583435
barcode
	1133.000000	19.000000	112.923370	1001.655518
barcode
	1134.000000	47.000000	114.886902	949.737915
barcode
	1134.000000	34.000000	114.051178	970.352661
barcode, RR`
	1129.000000	7.000000	113.725258	1024.967896
