barcode
	1044.000000	99.000000	56.547482	871.109985
barcode
	1045.000000	91.000000	55.982746	882.437012
barcode, X`R
	1046.000000	122.000000	58.653000	823.803040
barcode, R`G
	1037.000000	84.000000	65.479988	897.295471
barcode
	1044.000000	84.000000	54.569397	899.550354
barcode, B`X
	1051.000000	112.000000	58.965206	838.625000
barcode
	1041.000000	98.000000	60.181355	868.481506
barcode
	1044.000000	90.000000	57.628551	887.318481
barcode
	1044.000000	96.000000	56.379242	876.812195
barcode
	1045.000000	92.000000	55.556751	882.176819
barcode, X`R
	1043.000000	126.000000	60.188599	814.670776
barcode
	1044.000000	89.000000	58.949100	887.061096
barcode
	1046.000000	79.000000	55.236877	906.597656
barcode
	1041.000000	89.000000	61.367920	887.989746
barcode
	1044.000000	92.000000	57.984379	883.921509
barcode
	1044.000000	97.000000	55.529079	874.433533
barcode
	1045.000000	91.000000	55.621628	883.373108
barcode, X`R
	1045.000000	122.000000	58.423203	822.990417
barcode
	1045.000000	92.000000	58.400192	881.096924
barcode
	1046.000000	79.000000	54.736088	908.506592
barcode
	1042.000000	90.000000	61.399406	884.793274
barcode
	1044.000000	93.000000	58.105740	882.177490
barcode
	1044.000000	97.000000	55.350517	874.859253
barcode
	1045.000000	90.000000	55.649170	884.879761
barcode, X`R
	1044.000000	122.000000	59.271286	821.868347
barcode
	1044.000000	90.000000	58.648441	885.271240
barcode
	1046.000000	80.000000	54.589878	904.760071
barcode
	1044.000000	86.000000	59.607914	890.882080
barcode
	1041.000000	91.000000	61.636471	882.864624
barcode
	1043.000000	94.000000	58.803490	879.856689
barcode
	1044.000000	98.000000	56.320633	872.950317
barcode
	1044.000000	92.000000	56.360836	881.414856
barcode, X`R
	1047.000000	111.000000	58.181503	844.621948
barcode, R`G
	1037.000000	97.000000	66.959740	869.548279
barcode, G`B
	1045.000000	74.000000	56.674034	916.503357
barcode, B`X
	1043.000000	106.000000	60.547413	849.943726
barcode
	1042.000000	99.000000	60.068142	866.348938
barcode
	1044.000000	93.000000	58.642262	882.408936
barcode
	1044.000000	99.000000	55.735111	870.591675
barcode
	1045.000000	92.000000	55.956657	882.446411
barcode, X`R
	1047.000000	112.000000	57.065475	841.293091
barcode
	1045.000000	88.000000	58.146149	886.580994
barcode
	1046.000000	80.000000	55.075462	906.000549
barcode
	1042.000000	90.000000	60.639290	885.796265
barcode
	1044.000000	94.000000	58.423653	879.435242
barcode
	1045.000000	98.000000	55.846226	872.875793
barcode
	1045.000000	91.000000	56.434719	883.556091
barcode, X`R
	1046.000000	113.000000	57.222157	840.330627
barcode
	1044.000000	92.000000	58.429916	879.877319
barcode
	1046.000000	77.000000	55.455276	910.632935
G`B, 
	1040.000000	57.000000	62.485909	967.268127
barcode
	1044.000000	93.000000	58.561790	881.250977
barcode
	1044.000000	101.000000	56.050156	866.664978
barcode
	1044.000000	90.000000	56.226269	884.511841
barcode, X`R
	1047.000000	107.000000	56.503967	851.814148
barcode
	1044.000000	89.000000	58.609856	885.958923
barcode
	1046.000000	80.000000	55.173836	903.965271
barcode
	1043.000000	87.000000	60.235168	888.641235
barcode
	1041.000000	93.000000	61.930298	878.792236
barcode
	1043.000000	93.000000	59.056450	881.093750
barcode
	1044.000000	100.000000	56.278831	867.804810
barcode
	1044.000000	92.000000	56.674721	881.583191
barcode
	1048.000000	99.000000	56.741508	869.948853
barcode, R`G
	1040.000000	99.000000	63.851631	866.686829
barcode, G`B
	1046.000000	79.000000	55.721985	908.125671
barcode, B`X
	1040.000000	96.000000	61.123638	872.801819
barcode
	1043.000000	100.000000	59.809910	863.626892
barcode
	1044.000000	96.000000	58.689873	874.189636
barcode
	1045.000000	101.000000	56.007790	865.429260
barcode
	1045.000000	88.000000	56.429665	888.390869
barcode
	1048.000000	97.000000	56.096516	871.495056
barcode
	1044.000000	86.000000	58.516506	891.462830
barcode
	1046.000000	80.000000	55.471611	905.775513
barcode
	1042.000000	91.000000	60.800522	883.578796
barcode
	1044.000000	98.000000	58.631001	871.137207
barcode
	1044.000000	101.000000	56.460381	864.959412
barcode
	1045.000000	90.000000	56.420303	884.360107
barcode
	1048.000000	98.000000	55.598919	870.791687
barcode
	1044.000000	86.000000	58.261932	891.269836
barcode
	1046.000000	79.000000	55.442432	907.086670
barcode
	1042.000000	90.000000	60.643524	884.456177
barcode
	1043.000000	99.000000	58.554535	868.407532
barcode
	1044.000000	104.000000	56.783173	859.657349
barcode
	1044.000000	93.000000	56.551384	879.805847
barcode
	1049.000000	93.000000	54.887356	878.995239
barcode
	1044.000000	88.000000	57.879250	887.642212
barcode
	1046.000000	82.000000	55.474674	899.506836
barcode
	1043.000000	82.000000	59.937916	898.638672
barcode
	1041.000000	94.000000	62.115368	877.507202
barcode
	1043.000000	95.000000	59.134666	875.560669
barcode
	1044.000000	103.000000	56.383053	861.201782
barcode
	1044.000000	90.000000	56.604454	885.940186
barcode
	1048.000000	84.000000	54.423241	898.292114
barcode
	1045.000000	95.000000	55.506519	874.761108
barcode, GG`
	1048.000000	106.000000	57.496651	856.065796
barcode, BB`
	1038.000000	104.000000	62.613152	858.774841
barcode
	1043.000000	101.000000	59.548363	864.045044
barcode
	1043.000000	97.000000	58.668823	872.619751
barcode
	1044.000000	101.000000	56.127563	866.387756
barcode
	1044.000000	89.000000	56.118557	887.329224
barcode
	1047.000000	78.000000	54.130585	908.692932
barcode
	1044.000000	83.000000	57.773518	896.344482
barcode
	1046.000000	80.000000	55.689705	906.195251
barcode
	1042.000000	92.000000	60.996239	880.580139
barcode
	1043.000000	96.000000	58.100330	874.716553
barcode
	1044.000000	101.000000	56.705376	864.494690
barcode
	1044.000000	89.000000	56.496967	886.207336
barcode
	1047.000000	77.000000	54.245022	909.964844
barcode
	1043.000000	86.000000	58.006981	890.695374
barcode
	1046.000000	79.000000	55.796173	907.842529
G`B, 
	1041.000000	56.000000	63.615082	970.259521
barcode
	1043.000000	94.000000	58.711143	877.741394
barcode
	1044.000000	101.000000	56.214413	863.977234
barcode
	1044.000000	90.000000	56.853783	885.489563
barcode
	1047.000000	81.000000	54.844151	902.613892
barcode
	1044.000000	87.000000	58.190620	889.487427
barcode
	1047.000000	82.000000	55.583740	899.583923
barcode
	1044.000000	81.000000	59.534367	900.840088
barcode
	1041.000000	97.000000	61.333923	871.485229
barcode
	1042.000000	93.000000	59.305763	879.350952
barcode
	1044.000000	99.000000	57.423679	868.865784
barcode
	1043.000000	89.000000	57.507195	886.105713
barcode
	1046.000000	77.000000	55.276012	912.879761
barcode, RR`
	1045.000000	103.000000	55.040546	859.558289
barcode, GG`
	1046.000000	106.000000	58.801754	854.488831
barcode, BB`
	1039.000000	106.000000	63.875786	853.533630
barcode
	1044.000000	104.000000	59.624222	858.261292
barcode
	1043.000000	97.000000	59.274513	872.558167
barcode
	1043.000000	102.000000	57.662891	863.548584
barcode
	1043.000000	89.000000	57.967796	886.714111
barcode
	1046.000000	82.000000	56.357761	900.728516
barcode
	1043.000000	88.000000	58.693993	886.089233
barcode
	1046.000000	86.000000	56.253674	893.552429
barcode
	1042.000000	93.000000	60.700336	880.379700
barcode
	1043.000000	94.000000	58.301014	877.414917
barcode
	1044.000000	103.000000	57.561054	860.064331
barcode
	1043.000000	92.000000	58.199959	880.447754
barcode
	1046.000000	84.000000	55.828018	896.660767
barcode
	1043.000000	89.000000	58.110054	885.309265
barcode
	1046.000000	81.000000	55.468636	902.119263
G`B, 
	1040.000000	41.000000	65.340233	999.408752
barcode
	1044.000000	93.000000	58.447857	879.931091
barcode
	1045.000000	99.000000	57.639664	868.760132
barcode
	1042.000000	91.000000	58.542839	882.646484
barcode
	1046.000000	79.000000	55.274895	906.692871
barcode
	1043.000000	91.000000	58.544815	880.349731
barcode
	1047.000000	85.000000	55.667278	893.465393
barcode
	1043.000000	79.000000	59.438133	905.687683
barcode
	1041.000000	98.000000	61.929066	871.494812
barcode
	1042.000000	94.000000	58.938961	879.144592
barcode
	1043.000000	103.000000	58.038422	861.645691
barcode
	1042.000000	90.000000	59.677662	884.075562
barcode
	1045.000000	80.000000	57.310638	906.619019
barcode, RR`
	1045.000000	112.000000	54.556648	843.301086
barcode
	1042.000000	118.000000	58.178116	830.613281
barcode, B`X
	1049.000000	102.000000	60.282162	858.017700
barcode
	1043.000000	96.000000	60.877655	873.988708
barcode
	1043.000000	96.000000	59.270294	874.551636
barcode
	1044.000000	101.000000	58.360912	864.677368
barcode
	1042.000000	96.000000	60.247486	873.900085
barcode
	1045.000000	83.000000	57.788368	898.690918
barcode
	1042.000000	90.000000	59.475849	883.778015
barcode
	1046.000000	85.000000	56.154907	895.768982
barcode
	1041.000000	96.000000	61.801243	874.144409
barcode
	1043.000000	98.000000	59.421501	870.848816
barcode
	1044.000000	101.000000	58.161900	863.804321
barcode
	1042.000000	91.000000	58.982552	882.369446
barcode
	1044.000000	82.000000	57.524738	900.594116
barcode
	1042.000000	86.000000	58.197132	891.477051
barcode
	1046.000000	84.000000	55.770817	898.505310
barcode
	1041.000000	96.000000	61.309875	873.644958
barcode
	1043.000000	94.000000	58.464973	878.766846
barcode
	1044.000000	103.000000	58.246994	859.983521
barcode
	1042.000000	92.000000	59.811459	881.306335
barcode
	1043.000000	83.000000	58.956776	899.065369
barcode
	1042.000000	87.000000	59.455872	888.556519
barcode
	1046.000000	84.000000	56.503494	896.100830
barcode
	1043.000000	80.000000	60.159180	905.584656
barcode
	1041.000000	95.000000	61.609074	875.968079
barcode
	1043.000000	94.000000	58.830040	877.494141
barcode
	1043.000000	102.000000	58.678974	861.037476
barcode
	1042.000000	94.000000	59.498806	877.204651
barcode
	1044.000000	81.000000	58.115013	903.809387
barcode, RR`
	1046.000000	107.000000	53.628223	852.497742
barcode
	1040.000000	124.000000	59.271397	818.604797
barcode, B`X
	1050.000000	103.000000	58.190987	858.031616
barcode
	1043.000000	91.000000	60.958427	885.064087
barcode
	1043.000000	94.000000	58.401352	877.407532
barcode
	1043.000000	102.000000	58.271973	861.649719
barcode
	1041.000000	89.000000	59.812119	885.341797
barcode
	1043.000000	82.000000	59.230438	901.097168
barcode
	1043.000000	86.000000	58.313122	892.232849
barcode
	1046.000000	84.000000	56.175411	896.516663
barcode
	1042.000000	93.000000	60.549797	880.299316
barcode
	1043.000000	94.000000	58.569244	878.970032
barcode
	1043.000000	102.000000	58.789780	861.952393
barcode
	1041.000000	92.000000	59.735409	879.540649
barcode
	1043.000000	82.000000	59.524990	900.772095
barcode
	1043.000000	86.000000	58.200638	891.758972
barcode
	1047.000000	83.000000	56.020149	899.737854
G`B, 
	1042.000000	42.000000	63.549793	998.050476
barcode
	1044.000000	88.000000	58.080311	890.566895
barcode
	1043.000000	103.000000	58.544796	860.459229
barcode
	1041.000000	93.000000	60.266624	878.338623
barcode
	1043.000000	84.000000	59.072529	897.226074
barcode
	1044.000000	86.000000	57.496246	891.785706
barcode
	1047.000000	83.000000	55.666378	898.119263
barcode
	1042.000000	73.000000	59.515099	918.977478
barcode
	1042.000000	90.000000	61.176598	886.014832
barcode
	1042.000000	91.000000	58.962929	885.701355
barcode
	1042.000000	101.000000	59.267624	863.425171
barcode
	1041.000000	90.000000	60.837273	884.480957
barcode
	1042.000000	82.000000	60.071125	902.542114
barcode, RR`
	1045.000000	106.000000	53.766747	854.829773
barcode
	1040.000000	121.000000	59.915558	826.565369
barcode, B`X
	1050.000000	106.000000	57.962257	850.416809
barcode
	1042.000000	84.000000	60.836884	900.544983
barcode
	1042.000000	94.000000	58.817245	879.917847
barcode
	1042.000000	100.000000	58.835140	866.663574
barcode
	1041.000000	91.000000	61.402081	882.113098
barcode
	1042.000000	81.000000	59.828381	903.343811
barcode
	1043.000000	84.000000	58.564449	895.804321
barcode
	1046.000000	80.000000	56.353012	906.520752
barcode
	1041.000000	89.000000	61.233524	888.784119
barcode
	1042.000000	92.000000	59.035980	883.266663
barcode
	1042.000000	102.000000	59.894196	861.166443
barcode
	1041.000000	90.000000	61.306843	884.129333
barcode
	1041.000000	82.000000	60.504383	902.047546
barcode
	1042.000000	84.000000	58.190613	896.328796
barcode
	1046.000000	83.000000	55.822647	900.188354
barcode
	1042.000000	87.000000	60.534447	892.870667
barcode
	1043.000000	91.000000	58.728848	884.907227
barcode
	1042.000000	101.000000	59.760323	864.387390
barcode
	1041.000000	93.000000	62.057613	878.496582
barcode
	1041.000000	83.000000	60.999313	898.789978
barcode
	1042.000000	85.000000	57.985630	894.327393
barcode
	1047.000000	87.000000	56.341442	891.352112
barcode
	1043.000000	71.000000	58.874489	923.861206
barcode
	1041.000000	89.000000	60.938530	889.578796
barcode
	1042.000000	90.000000	59.889301	887.386597
barcode
	1043.000000	99.000000	59.635738	866.849854
barcode
	1041.000000	93.000000	61.928936	877.436401
barcode
	1042.000000	82.000000	60.957191	902.864746
barcode, RR`
	1043.000000	103.000000	54.395947	860.370789
barcode, GG`
	1043.000000	91.000000	60.216499	882.333862
barcode, BB`
	1039.000000	85.000000	65.363701	894.862305
barcode
	1042.000000	82.000000	61.251198	903.836426
barcode
	1042.000000	91.000000	59.592049	886.048157
barcode
	1043.000000	99.000000	60.257027	866.606384
barcode
	1040.000000	96.000000	62.639252	873.435852
barcode
	1042.000000	83.000000	61.036232	899.441589
barcode
	1042.000000	83.000000	58.842381	897.088379
barcode
	1047.000000	85.000000	56.561398	896.819031
barcode
	1042.000000	87.000000	60.630535	892.936646
barcode
	1043.000000	88.000000	58.411289	891.279724
barcode
	1042.000000	99.000000	59.686420	866.699524
barcode
	1042.000000	96.000000	61.272583	873.605774
barcode
	1041.000000	84.000000	61.054722	897.804443
barcode
	1043.000000	87.000000	57.837299	890.765564
barcode
	1047.000000	85.000000	55.612835	896.635010
barcode
	1041.000000	87.000000	60.833416	893.436890
barcode
	1042.000000	90.000000	59.455273	887.754822
barcode
	1043.000000	100.000000	59.814133	864.162292
barcode
	1041.000000	98.000000	62.198517	869.065857
barcode
	1041.000000	83.000000	61.166203	899.352478
barcode
	1043.000000	84.000000	58.391602	895.815979
barcode
	1047.000000	84.000000	55.517212	897.760132
barcode
	1042.000000	74.000000	59.418610	919.331970
barcode
	1041.000000	85.000000	61.807301	896.476440
barcode
	1042.000000	91.000000	60.221279	884.123352
barcode
	1043.000000	101.000000	61.086124	862.642151
barcode
	1041.000000	99.000000	63.103378	866.494873
barcode
	1041.000000	83.000000	61.838459	899.604431
barcode, RR`
	1043.000000	92.000000	56.183498	879.838501
barcode, GG`
	1042.000000	89.000000	60.656399	885.841736
barcode, BB`
	1038.000000	87.000000	65.513748	890.863892
barcode
	1042.000000	84.000000	61.203094	899.262085
barcode
	1042.000000	90.000000	59.606564	886.540833
barcode
	1043.000000	101.000000	59.888241	862.100037
barcode
	1041.000000	99.000000	61.799698	866.180969
barcode
	1041.000000	85.000000	61.632301	895.065308
barcode
	1043.000000	84.000000	58.180965	896.314819
barcode
	1047.000000	87.000000	56.061417	893.441772
barcode
	1042.000000	86.000000	60.246613	894.751282
barcode
	1043.000000	88.000000	58.744301	890.679871
barcode
	1043.000000	99.000000	59.422268	866.214417
barcode
	1042.000000	97.000000	60.744251	871.237061
barcode
	1041.000000	84.000000	61.023960	897.926575
barcode
	1042.000000	86.000000	59.026924	891.601624
barcode
	1048.000000	84.000000	55.440525	898.420898
G`B, 
	1044.000000	39.000000	64.039665	1003.178284
barcode
	1043.000000	87.000000	58.965302	892.359009
barcode
	1043.000000	99.000000	60.429054	866.714172
barcode
	1041.000000	100.000000	61.418690	864.776917
barcode
	1041.000000	86.000000	62.320763	893.628723
barcode
	1043.000000	85.000000	58.486378	895.351440
barcode
	1047.000000	84.000000	55.782936	898.257751
barcode
	1042.000000	76.000000	60.329418	916.153687
barcode
	1041.000000	83.000000	62.105370	901.708191
barcode
	1042.000000	86.000000	60.084385	895.160217
barcode
	1042.000000	94.000000	60.330814	876.036438
barcode
	1040.000000	99.000000	62.841217	867.124695
barcode
	1040.000000	84.000000	62.953426	897.378113
barcode, RR`
	1042.000000	83.000000	56.848103	897.341675
barcode, GG`
	1040.000000	117.000000	61.996170	831.499573
barcode, B`X
	1051.000000	96.000000	58.134735	871.731628
barcode
	1041.000000	87.000000	61.611336	892.718567
barcode
	1042.000000	90.000000	60.526230	887.506653
barcode
	1043.000000	97.000000	59.802361	871.425110
barcode
	1041.000000	98.000000	62.089069	868.502502
barcode
	1040.000000	85.000000	62.793453	894.897949
barcode
	1043.000000	85.000000	58.925591	895.536865
barcode
	1047.000000	86.000000	56.095730	895.475891
barcode
	1041.000000	82.000000	61.559822	904.444641
barcode
	1042.000000	89.000000	60.269875	890.387268
barcode
	1043.000000	97.000000	60.141491	871.054321
barcode
	1041.000000	98.000000	62.363174	868.985046
barcode
	1040.000000	83.000000	63.110062	900.629150
barcode
	1042.000000	83.000000	59.862755	898.709167
barcode
	1047.000000	83.000000	56.064610	901.702454
barcode
	1041.000000	85.000000	61.592995	897.416870
barcode
	1042.000000	91.000000	60.497925	886.777405
barcode
	1043.000000	98.000000	60.432381	869.557983
barcode
	1040.000000	100.000000	63.081264	865.918091
barcode
	1041.000000	86.000000	63.319595	893.753174
barcode
	1043.000000	84.000000	59.553532	897.779846
barcode
	1047.000000	84.000000	56.161148	899.959045
barcode
	1043.000000	75.000000	60.576233	917.760254
barcode
	1041.000000	84.000000	61.563641	901.463623
barcode
	1042.000000	89.000000	60.305042	891.061951
barcode
	1043.000000	97.000000	60.126629	871.675903
barcode
	1040.000000	95.000000	62.342407	875.604919
barcode
	1041.000000	84.000000	62.670151	898.060486
barcode, RR`
	1041.000000	89.000000	58.584579	885.519592
barcode, GG`
	1043.000000	102.000000	62.208336	860.403992
barcode, BB`
	1037.000000	86.000000	65.577148	892.623108
barcode
	1040.000000	88.000000	62.200142	892.811707
barcode
	1042.000000	91.000000	60.854622	886.942322
barcode
	1043.000000	98.000000	60.911629	869.487488
barcode
	1040.000000	101.000000	63.311741	864.288574
barcode
	1041.000000	85.000000	63.645695	897.055664
barcode
	1043.000000	84.000000	59.738491	897.681213
barcode
	1046.000000	83.000000	57.030643	902.061157
barcode
	1041.000000	83.000000	62.231827	901.512268
barcode
	1042.000000	92.000000	61.295563	883.989807
barcode
	1043.000000	97.000000	61.565510	870.930542
