barcode
	1086.000000	102.000000	59.839844	894.907959
barcode
	1085.000000	103.000000	59.714157	893.013550
barcode
	1086.000000	100.000000	60.345325	902.181274
barcode
	1086.000000	109.000000	61.770500	882.049988
barcode
	1087.000000	103.000000	58.570103	893.968811
barcode
	1088.000000	107.000000	56.134132	884.493652
barcode
	1085.000000	98.000000	60.526264	903.734863
barcode
	1085.000000	98.000000	62.432598	903.691345
barcode
	1087.000000	100.000000	59.440071	900.775818
barcode
	1085.000000	106.000000	59.972309	887.051514
barcode
	1086.000000	96.000000	60.554966	909.302856
barcode
	1086.000000	107.000000	60.638859	885.428772
barcode, X`R
	1093.000000	118.000000	50.587494	865.128906
barcode, R`G
	1088.000000	80.000000	56.470451	943.121399
barcode, G`B
	1088.000000	52.000000	60.860588	999.601318
barcode, B`X
	1088.000000	91.000000	57.060207	918.699280
barcode
	1087.000000	99.000000	58.778824	901.730225
barcode
	1085.000000	103.000000	59.549416	893.720154
barcode
	1086.000000	98.000000	60.531200	905.297241
barcode
	1086.000000	108.000000	61.393631	883.540039
barcode
	1087.000000	101.000000	58.220795	898.268677
barcode
	1089.000000	107.000000	55.702518	883.861572
barcode, B`X
	1085.000000	94.000000	62.829071	912.090576
barcode
	1087.000000	103.000000	59.317455	893.023926
barcode
	1085.000000	107.000000	59.913315	884.796570
barcode
	1086.000000	100.000000	60.157322	901.734924
barcode
	1086.000000	107.000000	61.047100	885.214355
barcode
	1088.000000	102.000000	57.131893	895.918457
barcode
	1088.000000	107.000000	55.351299	884.918579
barcode, B`X
	1084.000000	94.000000	63.944206	912.468933
barcode
	1087.000000	100.000000	58.682808	899.107056
barcode
	1086.000000	106.000000	59.912506	888.962585
barcode
	1086.000000	102.000000	60.975803	898.069641
barcode
	1086.000000	109.000000	61.589386	881.665894
barcode
	1088.000000	103.000000	58.075207	893.368713
barcode
	1089.000000	105.000000	54.697208	888.690552
barcode
	1085.000000	101.000000	60.819382	898.329895
barcode
	1085.000000	103.000000	62.819572	895.088806
barcode
	1088.000000	97.000000	57.770653	906.480591
barcode
	1086.000000	107.000000	59.606621	887.622864
barcode
	1086.000000	100.000000	60.188534	901.710632
barcode
	1086.000000	108.000000	61.830696	884.763733
barcode, X`R
	1093.000000	113.000000	51.961483	874.983765
barcode, R`G
	1090.000000	83.000000	55.618340	935.141541
barcode, G`B
	1091.000000	42.000000	55.291298	1018.518188
barcode, B`X
	1088.000000	88.000000	56.641090	923.598267
barcode
	1088.000000	99.000000	57.516785	902.976929
barcode
	1085.000000	108.000000	60.174782	885.110046
barcode
	1086.000000	104.000000	60.192978	894.682739
barcode
	1086.000000	105.000000	60.981995	891.091919
barcode
	1088.000000	100.000000	56.861889	899.548035
barcode
	1089.000000	107.000000	54.829380	883.296936
barcode, B`X
	1084.000000	93.000000	62.736282	912.962952
barcode
	1087.000000	100.000000	58.406803	898.954773
barcode
	1085.000000	107.000000	60.834373	886.325806
barcode
	1086.000000	101.000000	60.207996	899.359558
barcode
	1087.000000	104.000000	60.688011	891.834778
barcode
	1088.000000	101.000000	57.859585	897.878174
barcode
	1089.000000	106.000000	54.206036	885.872314
barcode, B`X
	1084.000000	92.000000	62.420456	916.452087
barcode
	1088.000000	100.000000	57.296482	900.491272
barcode
	1086.000000	107.000000	59.663544	886.394653
barcode
	1087.000000	102.000000	59.559471	898.906860
barcode
	1086.000000	107.000000	61.162376	885.963074
barcode
	1088.000000	101.000000	57.509617	897.020935
barcode
	1089.000000	105.000000	54.969704	887.582886
barcode
	1085.000000	102.000000	60.168064	896.612671
barcode, B`X
	1085.000000	98.000000	62.204327	903.291077
barcode
	1088.000000	98.000000	57.651245	905.250305
barcode
	1085.000000	110.000000	59.728828	879.327820
barcode
	1086.000000	102.000000	60.563400	898.692383
barcode
	1086.000000	105.000000	61.148037	889.613647
barcode, X`R
	1093.000000	105.000000	51.896790	891.762207
barcode, R`G
	1090.000000	92.000000	54.881557	916.100708
barcode, G`B
	1091.000000	35.000000	55.937668	1031.306885
barcode, B`X
	1087.000000	89.000000	58.007748	923.484985
barcode
	1088.000000	97.000000	56.574116	905.345581
barcode
	1085.000000	107.000000	59.463646	885.645386
barcode
	1086.000000	102.000000	60.573269	898.058533
barcode
	1086.000000	103.000000	59.763485	892.853760
barcode
	1088.000000	101.000000	56.459717	897.865112
barcode
	1089.000000	107.000000	54.612736	883.937256
barcode, B`X
	1084.000000	91.000000	63.470673	918.491638
barcode
	1087.000000	101.000000	57.255165	897.530518
barcode
	1086.000000	108.000000	59.386829	884.979370
barcode
	1087.000000	96.000000	59.732296	908.524902
barcode
	1087.000000	105.000000	60.520264	891.439331
barcode
	1088.000000	105.000000	56.816181	891.324829
barcode
	1089.000000	108.000000	54.262947	882.252014
barcode, B`X
	1083.000000	89.000000	63.269249	922.012939
barcode
	1087.000000	101.000000	56.700932	897.729675
barcode
	1086.000000	107.000000	58.906948	884.608826
barcode
	1086.000000	105.000000	60.013783	890.424255
barcode
	1087.000000	103.000000	59.847889	893.344849
barcode
	1088.000000	101.000000	55.907982	896.901917
barcode
	1089.000000	108.000000	54.232491	883.702942
barcode
	1085.000000	101.000000	59.445972	897.613647
barcode, B`X
	1084.000000	94.000000	62.152954	911.115906
barcode
	1087.000000	103.000000	56.641762	894.388245
barcode
	1086.000000	107.000000	58.949718	886.013855
barcode
	1087.000000	105.000000	59.311699	890.702393
barcode
	1086.000000	105.000000	60.043716	889.759155
barcode, X`R
	1093.000000	104.000000	51.516701	892.543823
barcode, R`G
	1090.000000	94.000000	55.651676	910.814026
barcode, G`B
	1090.000000	41.000000	56.521770	1020.329346
barcode, B`X
	1087.000000	86.000000	57.395519	928.398865
barcode
	1087.000000	103.000000	56.744473	894.595337
barcode
	1085.000000	109.000000	59.550850	880.669678
barcode
	1087.000000	102.000000	59.788811	896.686035
barcode
	1086.000000	103.000000	59.601982	893.032410
barcode
	1088.000000	103.000000	56.380863	892.883240
barcode
	1090.000000	111.000000	53.970787	876.560730
barcode, B`X
	1085.000000	92.000000	62.025574	916.822205
barcode
	1088.000000	102.000000	56.860703	896.262695
barcode
	1086.000000	106.000000	59.767029	887.366028
barcode
	1088.000000	102.000000	58.473785	895.955200
barcode
	1087.000000	104.000000	59.515461	892.203186
barcode
	1088.000000	98.000000	55.715279	903.423523
barcode
	1089.000000	108.000000	53.785374	882.164062
barcode, B`X
	1084.000000	90.000000	63.037025	920.822083
barcode
	1087.000000	102.000000	56.774090	896.253418
barcode
	1086.000000	110.000000	59.205330	879.183167
barcode
	1087.000000	108.000000	60.085007	885.026184
barcode
	1086.000000	107.000000	60.811935	885.470642
barcode
	1088.000000	106.000000	56.555862	888.957520
barcode
	1089.000000	109.000000	54.149292	881.530823
barcode
	1085.000000	104.000000	60.169567	891.236328
barcode, B`X
	1083.000000	95.000000	62.262096	909.816162
barcode
	1087.000000	102.000000	57.117393	895.591370
barcode
	1085.000000	114.000000	59.911835	870.723083
barcode
	1087.000000	109.000000	60.027344	884.055664
barcode
	1085.000000	108.000000	61.273743	884.867859
barcode, X`R
	1093.000000	96.000000	52.531887	909.146973
barcode, R`G
	1089.000000	103.000000	56.469807	898.382996
barcode, G`B
	1088.000000	49.000000	58.742928	1004.817871
barcode, B`X
	1088.000000	71.000000	56.061279	958.106445
barcode
	1087.000000	106.000000	56.894272	887.654419
barcode
	1085.000000	111.000000	59.745373	877.556091
barcode
	1087.000000	107.000000	59.028175	886.795349
barcode
	1086.000000	108.000000	60.743179	884.067383
barcode
	1089.000000	103.000000	55.890343	895.737061
barcode
	1090.000000	112.000000	52.960056	874.980225
barcode, B`X
	1083.000000	92.000000	63.556667	916.290527
barcode
	1087.000000	104.000000	56.732967	891.304260
barcode
	1085.000000	112.000000	60.136120	875.108093
barcode
	1087.000000	110.000000	59.518490	879.932312
barcode
	1086.000000	106.000000	60.664257	887.690430
barcode
	1088.000000	109.000000	56.023808	880.832458
barcode
	1090.000000	109.000000	53.643993	881.141113
barcode, B`X
	1083.000000	92.000000	63.300911	916.668213
barcode
	1087.000000	107.000000	57.327084	886.305847
barcode
	1085.000000	113.000000	60.158585	871.521118
barcode
	1087.000000	106.000000	60.286697	886.218201
barcode
	1086.000000	107.000000	60.826584	885.445984
barcode
	1088.000000	107.000000	56.246666	885.000671
barcode
	1089.000000	108.000000	53.914711	882.255310
barcode
	1084.000000	102.000000	60.656048	895.052734
barcode, B`X
	1083.000000	92.000000	61.549789	914.124573
barcode
	1086.000000	108.000000	57.642826	883.573853
barcode
	1085.000000	110.000000	60.548195	879.736816
barcode
	1087.000000	104.000000	59.814171	892.735352
barcode
	1086.000000	104.000000	60.667713	891.374817
barcode, X`R
	1092.000000	102.000000	52.228443	896.837769
barcode, R`G
	1089.000000	108.000000	56.705124	885.900757
barcode, G`B
	1089.000000	47.000000	58.340294	1008.886230
barcode, B`X
	1087.000000	89.000000	57.902519	922.824524
barcode
	1086.000000	107.000000	57.803848	885.052551
barcode
	1085.000000	109.000000	60.288712	881.295471
barcode
	1087.000000	106.000000	60.217987	887.222473
barcode
	1086.000000	105.000000	60.914734	889.362549
barcode
	1088.000000	111.000000	55.812393	877.697937
barcode
	1090.000000	112.000000	53.075039	873.463684
barcode, B`X
	1084.000000	90.000000	62.816765	920.072876
barcode
	1087.000000	109.000000	57.539940	881.434021
barcode
	1085.000000	110.000000	59.695621	880.528442
barcode
	1087.000000	108.000000	59.129963	882.979858
barcode
	1086.000000	104.000000	59.869041	891.150574
barcode
	1088.000000	110.000000	55.244831	879.160828
barcode
	1089.000000	111.000000	54.827522	876.747070
barcode, B`X
	1082.000000	87.000000	64.002052	925.978333
barcode
	1085.000000	115.000000	59.842213	870.054260
barcode
	1085.000000	109.000000	60.374016	881.570740
barcode
	1088.000000	110.000000	58.908539	879.720276
barcode
	1086.000000	104.000000	60.538372	891.204956
barcode
	1088.000000	107.000000	55.925392	885.546021
barcode
	1090.000000	109.000000	54.156845	881.532837
barcode
	1084.000000	104.000000	61.607666	891.463989
barcode
	1083.000000	96.000000	61.895233	907.338257
barcode
	1086.000000	110.000000	58.169987	878.708557
barcode
	1085.000000	110.000000	59.710770	878.704346
barcode
	1088.000000	108.000000	58.896088	885.003357
barcode
	1087.000000	104.000000	59.658970	891.699097
barcode, X`R
	1092.000000	99.000000	53.013126	903.919739
barcode, R`G
	1089.000000	112.000000	57.241184	880.100098
barcode, G`B
	1088.000000	59.000000	59.300335	985.007751
barcode, B`X
	1088.000000	85.000000	56.320423	929.698120
barcode
	1086.000000	111.000000	57.890949	876.676086
barcode
	1085.000000	109.000000	59.813534	880.768860
barcode
	1088.000000	104.000000	58.610985	891.694458
barcode
	1086.000000	104.000000	59.915852	890.062439
barcode
	1088.000000	107.000000	55.330597	883.305359
barcode
	1090.000000	107.000000	53.858639	882.598694
barcode, B`X
	1084.000000	88.000000	62.219501	925.021118
barcode
	1086.000000	113.000000	58.848717	872.681580
barcode
	1085.000000	111.000000	60.270195	876.383118
barcode
	1087.000000	110.000000	59.702648	880.701599
barcode
	1086.000000	102.000000	60.328159	895.087891
barcode
	1088.000000	110.000000	56.431938	879.643494
barcode
	1089.000000	108.000000	54.264858	881.292114
barcode, B`X
	1084.000000	89.000000	62.484375	921.871887
barcode
	1086.000000	110.000000	58.436077	879.786682
barcode
	1085.000000	113.000000	60.053509	873.696777
barcode
	1087.000000	113.000000	59.602016	873.968811
barcode
	1086.000000	106.000000	60.860565	887.526367
barcode
	1088.000000	116.000000	55.918766	866.249573
barcode
	1089.000000	107.000000	54.311749	883.669189
barcode
	1084.000000	105.000000	61.944271	890.361755
barcode
	1083.000000	92.000000	61.366989	915.446899
barcode
	1086.000000	111.000000	59.535389	876.802063
barcode
	1085.000000	108.000000	61.237106	882.566650
barcode
	1088.000000	104.000000	58.305588	890.972107
barcode
	1086.000000	105.000000	60.877003	889.397217
barcode, X`R
	1091.000000	100.000000	54.764385	901.445618
barcode, R`G
	1088.000000	111.000000	58.648708	883.169861
barcode, G`B
	1087.000000	67.000000	61.571602	969.482361
barcode, B`X
	1087.000000	86.000000	57.198765	927.824402
barcode
	1086.000000	112.000000	59.304539	875.750488
barcode
	1085.000000	107.000000	60.459053	884.854065
barcode
	1088.000000	104.000000	58.588142	891.551453
barcode
	1086.000000	103.000000	60.678799	892.419556
barcode
	1088.000000	113.000000	55.922035	872.756165
barcode
	1089.000000	105.000000	54.490162	887.541992
barcode, B`X
	1083.000000	90.000000	63.318230	920.020874
barcode
	1086.000000	109.000000	59.078201	880.910095
barcode
	1085.000000	109.000000	60.170116	881.273621
barcode
	1088.000000	102.000000	58.271282	895.261536
barcode
	1086.000000	101.000000	60.530106	896.514160
barcode
	1089.000000	108.000000	55.378815	881.869385
barcode
	1089.000000	107.000000	55.084419	884.268799
barcode, B`X
	1083.000000	87.000000	63.319057	926.860413
barcode
	1085.000000	114.000000	60.052765	872.357300
barcode
	1085.000000	110.000000	60.198212	879.389526
barcode
	1088.000000	109.000000	58.320137	882.359009
barcode
	1086.000000	104.000000	61.319088	891.832947
barcode
	1088.000000	117.000000	56.276104	865.780457
barcode
	1089.000000	108.000000	55.226540	881.953247
barcode
	1083.000000	104.000000	63.229630	892.575500
barcode
	1082.000000	89.000000	61.710606	920.025085
barcode
	1085.000000	114.000000	59.982697	870.625916
barcode
	1085.000000	109.000000	60.345348	881.488159
barcode
	1088.000000	106.000000	57.836494	888.266846
barcode
	1086.000000	102.000000	60.719646	894.352234
barcode, X`R
	1091.000000	105.000000	54.219254	891.744690
barcode, R`G
	1088.000000	118.000000	59.510948	869.606262
barcode, G`B
	1086.000000	68.000000	60.908497	966.883423
barcode, B`X
	1087.000000	85.000000	57.318138	930.084839
barcode
	1085.000000	112.000000	59.161987	874.654968
barcode
	1085.000000	109.000000	60.571484	881.254639
barcode
	1088.000000	102.000000	57.326225	895.007080
barcode
	1086.000000	103.000000	60.570709	891.952148
barcode
	1088.000000	116.000000	55.740860	865.813904
barcode
	1089.000000	106.000000	55.116230	885.675842
barcode, B`X
	1083.000000	89.000000	62.354458	922.554810
barcode
	1085.000000	112.000000	60.048882	874.048462
barcode
	1085.000000	109.000000	60.474556	881.987915
barcode
	1088.000000	101.000000	57.435215	896.606018
barcode
	1086.000000	101.000000	60.734596	896.825378
barcode
	1088.000000	114.000000	56.224464	870.539978
barcode
	1088.000000	109.000000	55.908455	879.898560
barcode, B`X
	1083.000000	94.000000	63.439194	912.098633
barcode
	1085.000000	112.000000	59.975704	874.366089
barcode
	1084.000000	110.000000	60.945030	878.435425
barcode
	1087.000000	105.000000	58.454319	889.143616
barcode
	1086.000000	102.000000	60.748695	895.396790
barcode
	1088.000000	119.000000	56.306293	862.948242
barcode
	1087.000000	108.000000	57.381161	882.955688
barcode
	1083.000000	102.000000	63.580254	896.928345
barcode
	1082.000000	98.000000	62.991005	903.645935
barcode
	1084.000000	113.000000	60.773464	873.837219
barcode
	1084.000000	107.000000	60.969387	885.908875
barcode
	1088.000000	98.000000	57.419682	903.083191
barcode
	1086.000000	102.000000	61.124538	894.090698
barcode, X`R
	1091.000000	98.000000	54.617123	906.297485
barcode, R`G
	1087.000000	115.000000	60.951038	875.197937
barcode, G`B
	1086.000000	71.000000	61.520111	962.950073
barcode, B`X
	1087.000000	91.000000	57.989979	919.885681
barcode
	1085.000000	111.000000	60.919498	877.140137
barcode
	1084.000000	109.000000	61.223896	882.842102
barcode
	1088.000000	101.000000	56.850201	896.384766
barcode
	1085.000000	103.000000	61.306702	892.724854
barcode
	1087.000000	114.000000	57.154659	871.185364
barcode
	1087.000000	106.000000	56.923870	887.025696
barcode
	1083.000000	92.000000	63.014061	916.938965
barcode
	1084.000000	111.000000	60.953842	877.754517
barcode
	1084.000000	109.000000	61.522034	881.835999
barcode
	1088.000000	99.000000	57.356041	901.351013
barcode
	1085.000000	102.000000	61.138458	893.616577
barcode
	1087.000000	112.000000	56.801147	874.897827
barcode
	1087.000000	105.000000	57.175892	886.967773
barcode
	1083.000000	93.000000	63.705467	914.606812
barcode
	1084.000000	109.000000	60.519997	879.833313
barcode
	1084.000000	108.000000	61.339966	884.895325
barcode
	1088.000000	100.000000	57.101074	899.342529
barcode
	1085.000000	103.000000	60.892311	893.526001
barcode
	1087.000000	115.000000	56.880371	869.519592
barcode
	1087.000000	104.000000	57.208641	890.156738
barcode
	1082.000000	102.000000	65.262970	896.059387
barcode
	1081.000000	106.000000	64.130997	885.305115
barcode
	1084.000000	111.000000	60.980431	876.713440
barcode
	1084.000000	107.000000	61.628460	885.534119
barcode
	1088.000000	98.000000	57.707047	902.923279
barcode
	1085.000000	103.000000	61.457600	891.646606
barcode, X`R
	1091.000000	101.000000	55.022949	900.506531
barcode, R`G
	1087.000000	111.000000	60.957462	882.300720
barcode, G`B
	1084.000000	71.000000	63.073311	961.392578
barcode, B`X
	1086.000000	93.000000	59.364208	914.944946
barcode
	1084.000000	111.000000	61.583984	878.083069
barcode
	1083.000000	106.000000	62.200844	887.777039
barcode
	1088.000000	94.000000	57.038090	911.142395
barcode
	1086.000000	100.000000	61.023415	896.758484
barcode
	1088.000000	110.000000	56.600899	879.417236
barcode
	1087.000000	102.000000	58.067692	893.533875
barcode
	1083.000000	94.000000	63.617290	911.287659
barcode
	1085.000000	110.000000	61.184994	877.416321
barcode
	1084.000000	105.000000	61.328037	889.258423
barcode
	1089.000000	93.000000	56.428501	914.038757
barcode
	1085.000000	101.000000	61.598804	896.743896
barcode
	1087.000000	107.000000	57.346119	885.143860
barcode
	1087.000000	105.000000	57.971199	887.894287
barcode
	1084.000000	96.000000	62.996666	906.083740
barcode
	1085.000000	111.000000	61.018082	876.520508
barcode
	1085.000000	104.000000	60.933968	892.284790
barcode
	1089.000000	92.000000	55.601639	915.638123
barcode
	1086.000000	101.000000	60.334454	896.421692
barcode
	1087.000000	109.000000	56.115562	880.431274
barcode
	1087.000000	105.000000	56.968719	887.715393
barcode
	1082.000000	101.000000	65.245964	897.962952
barcode
	1082.000000	109.000000	63.914410	879.680664
barcode
	1084.000000	111.000000	61.256241	876.968811
barcode
	1084.000000	105.000000	61.166340	889.768005
barcode
	1090.000000	92.000000	54.995010	915.730042
barcode
	1086.000000	101.000000	60.396824	896.801086
barcode, X`R
	1092.000000	103.000000	54.193130	896.301758
barcode, R`G
	1087.000000	110.000000	60.195957	886.154297
barcode, G`B
	1085.000000	79.000000	61.455845	948.828674
barcode, B`X
	1087.000000	90.000000	57.812477	920.401184
barcode
	1084.000000	107.000000	60.983318	884.708618
barcode
	1084.000000	103.000000	61.659950	894.096558
barcode
	1089.000000	90.000000	56.011940	918.860474
barcode
	1086.000000	98.000000	60.416443	903.312622
barcode
	1087.000000	106.000000	56.651855	888.755432
barcode
	1086.000000	103.000000	59.099682	892.033813
barcode
	1083.000000	98.000000	62.724674	905.158264
barcode
	1084.000000	108.000000	61.028366	883.938599
barcode
	1084.000000	107.000000	61.822277	886.579773
barcode
	1089.000000	89.000000	55.765968	920.090393
barcode
	1086.000000	98.000000	60.503506	902.213806
barcode
	1086.000000	106.000000	57.240829	886.693542
barcode
	1086.000000	99.000000	60.315979	898.098083
barcode
	1084.000000	102.000000	63.707108	897.450500
barcode
	1085.000000	107.000000	60.701149	886.391907
barcode
	1085.000000	102.000000	61.042000	896.291016
barcode
	1089.000000	90.000000	56.380352	917.024658
barcode
	1086.000000	98.000000	60.007137	904.170898
barcode
	1087.000000	113.000000	57.480377	873.775330
barcode
	1087.000000	99.000000	58.141937	899.542725
barcode
	1083.000000	99.000000	65.410500	902.130310
barcode
	1081.000000	114.000000	65.549919	871.099609
barcode
	1084.000000	109.000000	61.459206	882.616943
barcode
	1084.000000	102.000000	61.681660	895.703430
