barcode
	1033.000000	40.000000	78.999046	985.543152
barcode, GG`
	1032.000000	56.000000	80.056976	955.687805
barcode
	1036.000000	60.000000	74.989532	945.454163
barcode
	1036.000000	53.000000	75.679733	960.055664
barcode
	1032.000000	84.000000	81.494812	896.324219
barcode
	1031.000000	73.000000	80.315880	917.087585
barcode
	1030.000000	65.000000	82.886581	937.271790
barcode
	1034.000000	47.000000	77.642532	972.521179
barcode, GG`
	1033.000000	55.000000	79.266380	958.492249
barcode
	1036.000000	56.000000	75.839951	953.930054
barcode
	1037.000000	52.000000	74.356018	962.520386
barcode
	1032.000000	84.000000	80.384048	897.457642
barcode
	1031.000000	76.000000	80.092934	911.969116
barcode
	1030.000000	64.000000	83.822784	941.392700
barcode
	1031.000000	40.000000	82.820343	984.269348
barcode
	1034.000000	51.000000	79.296593	963.499390
barcode, GG`
	1032.000000	57.000000	80.157860	955.574341
barcode
	1036.000000	61.000000	77.870865	943.271240
barcode
	1036.000000	54.000000	76.724030	957.966675
barcode
	1032.000000	86.000000	80.916832	891.539856
barcode, RR`
	1032.000000	20.000000	89.860184	1026.462036
barcode, GG`
	1035.000000	24.000000	78.277092	1022.058167
barcode, BB`
	1033.000000	93.000000	76.830063	877.713806
barcode
	1035.000000	54.000000	76.561974	958.703796
barcode, GG`
	1033.000000	50.000000	80.604156	968.477295
barcode
	1036.000000	58.000000	76.333649	947.621948
barcode
	1037.000000	58.000000	76.708916	952.224731
barcode
	1032.000000	84.000000	80.775017	896.630310
barcode
	1031.000000	79.000000	78.462143	905.613220
barcode
	1031.000000	74.000000	81.753189	918.905640
barcode
	1034.000000	55.000000	78.590660	954.842773
barcode, GG`
	1032.000000	49.000000	79.507660	969.529419
barcode
	1036.000000	62.000000	76.360176	940.499878
barcode
	1037.000000	57.000000	75.743156	952.965210
barcode
	1033.000000	83.000000	78.590309	897.432068
barcode
	1031.000000	78.000000	78.385773	906.711426
barcode
	1030.000000	79.000000	83.042366	908.798279
barcode
	1033.000000	59.000000	78.962791	946.193054
barcode, GG`
	1031.000000	53.000000	80.825607	959.481079
barcode
	1035.000000	58.000000	76.310402	946.073914
barcode
	1035.000000	65.000000	77.946243	937.049988
barcode
	1033.000000	84.000000	78.902931	894.923828
barcode
	1031.000000	75.000000	79.552658	912.637085
barcode
	1030.000000	76.000000	83.156670	913.047058
barcode
	1029.000000	47.000000	86.124672	969.480164
barcode
	1033.000000	55.000000	79.968964	955.136902
barcode, GG`
	1031.000000	54.000000	82.252113	958.031738
barcode
	1035.000000	61.000000	77.101479	938.877808
barcode
	1035.000000	62.000000	78.282654	942.928589
barcode
	1033.000000	85.000000	79.315208	892.931335
barcode, RR`
	1029.000000	22.000000	93.339470	1020.208862
barcode, GG`
	1031.000000	35.000000	81.184418	996.269287
barcode, BB`
	1031.000000	84.000000	78.854950	892.799805
barcode
	1031.000000	45.000000	79.079445	974.912598
barcode, GG`
	1030.000000	50.000000	84.353050	966.685059
barcode
	1034.000000	61.000000	78.447182	940.972656
barcode
	1035.000000	62.000000	79.513344	942.054932
barcode
	1032.000000	82.000000	80.433678	898.836365
barcode
	1031.000000	73.000000	79.158440	916.084534
barcode
	1030.000000	77.000000	83.545120	912.539978
barcode
	1032.000000	55.000000	79.426262	955.330566
barcode, GG`
	1030.000000	47.000000	84.157127	970.529541
barcode
	1035.000000	61.000000	78.314629	939.267090
barcode
	1036.000000	61.000000	78.701454	945.589233
barcode
	1032.000000	83.000000	79.949692	896.072632
barcode
	1032.000000	70.000000	79.861084	919.952148
barcode
	1031.000000	79.000000	83.386673	906.997131
barcode
	1033.000000	59.000000	76.638641	945.965271
barcode, GG`
	1030.000000	56.000000	84.862289	953.075867
barcode
	1035.000000	61.000000	77.716019	938.162292
barcode
	1036.000000	65.000000	77.633270	937.152710
barcode
	1032.000000	81.000000	79.255836	899.764282
barcode
	1032.000000	72.000000	78.404121	916.261719
barcode
	1031.000000	81.000000	83.632469	904.726196
barcode
	1028.000000	53.000000	87.265633	957.815857
barcode
	1032.000000	61.000000	79.231628	942.175415
barcode, GG`
	1030.000000	57.000000	84.249817	951.204712
barcode
	1036.000000	59.000000	74.983238	941.849792
barcode
	1036.000000	64.000000	77.962654	939.401123
barcode
	1033.000000	80.000000	77.861389	903.281372
barcode, RR`
	1029.000000	28.000000	92.680534	1007.538879
barcode, GG`
	1030.000000	38.000000	80.756721	987.257935
barcode, BB`
	1031.000000	76.000000	78.093506	908.441223
barcode
	1031.000000	48.000000	79.155876	966.736023
barcode, GG`
	1029.000000	56.000000	85.341850	950.445312
barcode
	1036.000000	59.000000	77.110886	941.843628
barcode
	1035.000000	64.000000	78.445595	937.980835
barcode
	1032.000000	80.000000	78.367027	902.531555
barcode
	1031.000000	68.000000	80.544701	924.697021
barcode
	1030.000000	71.000000	84.259407	923.366455
barcode
	1031.000000	51.000000	79.541168	962.095276
barcode, GG`
	1028.000000	57.000000	86.582695	950.953613
barcode
	1034.000000	66.000000	78.692360	929.441772
barcode
	1035.000000	62.000000	80.244522	942.872681
barcode
	1032.000000	80.000000	79.199135	901.216797
barcode
	1031.000000	70.000000	79.167671	921.483887
barcode
	1031.000000	74.000000	81.098991	917.333191
barcode
	1031.000000	53.000000	79.537178	959.519348
barcode, GG`
	1028.000000	61.000000	84.952980	943.062927
barcode
	1035.000000	60.000000	77.085014	940.021240
barcode
	1035.000000	64.000000	77.265076	938.299927
barcode
	1033.000000	76.000000	77.091805	910.148132
barcode
	1032.000000	66.000000	77.139732	929.223267
barcode
	1031.000000	73.000000	81.445366	918.295227
barcode
	1030.000000	56.000000	84.058853	950.812073
barcode
	1031.000000	55.000000	79.742828	954.430908
barcode, GG`
	1028.000000	58.000000	84.962410	947.942383
barcode
	1035.000000	62.000000	78.325478	937.210266
barcode
	1034.000000	62.000000	79.969345	941.826355
barcode
	1033.000000	75.000000	77.630791	910.669922
barcode, RR`
	1029.000000	36.000000	90.953239	990.534912
barcode, GG`
	1030.000000	37.000000	82.248428	991.532227
barcode, BB`
	1031.000000	71.000000	77.463211	919.174561
barcode, B`X
	1031.000000	51.000000	76.904564	961.523193
barcode
	1028.000000	62.000000	84.012970	940.387878
barcode
	1035.000000	59.000000	76.885124	942.814636
barcode
	1035.000000	65.000000	79.298485	936.079651
barcode
	1034.000000	75.000000	77.109917	911.136169
barcode
	1032.000000	68.000000	77.844566	924.540833
barcode
	1032.000000	72.000000	81.494026	921.963318
barcode
	1030.000000	54.000000	81.763107	956.856506
barcode
	1029.000000	60.000000	83.114586	942.439453
barcode
	1036.000000	59.000000	75.522736	941.795227
barcode
	1036.000000	65.000000	77.580589	935.603271
barcode
	1034.000000	77.000000	76.908333	905.113281
barcode
	1032.000000	71.000000	77.580078	917.969421
barcode
	1031.000000	73.000000	80.793945	918.878601
barcode
	1030.000000	51.000000	80.846794	963.548096
barcode
	1028.000000	62.000000	84.540314	940.268433
barcode
	1036.000000	54.000000	75.195602	951.088867
barcode
	1035.000000	62.000000	78.919136	940.665344
barcode
	1034.000000	74.000000	77.206711	912.399536
barcode
	1032.000000	68.000000	78.123741	924.389282
barcode
	1032.000000	71.000000	80.302917	922.285278
barcode
	1029.000000	64.000000	87.681976	935.505188
barcode
	1030.000000	49.000000	80.755928	965.181030
barcode
	1029.000000	66.000000	81.909821	930.419983
barcode
	1035.000000	64.000000	77.956001	931.295471
barcode
	1034.000000	62.000000	79.740311	940.637634
barcode
	1034.000000	72.000000	77.139359	914.942932
barcode, RR`
	1033.000000	28.000000	84.850525	1007.174500
barcode, GG`
	1031.000000	45.000000	80.763062	976.112976
barcode, BB`
	1030.000000	69.000000	77.911713	922.510254
barcode, B`X
	1031.000000	68.000000	76.391151	925.935547
barcode
	1029.000000	64.000000	78.200821	933.354126
barcode
	1037.000000	58.000000	72.071182	942.383667
barcode
	1035.000000	60.000000	78.078964	944.625366
barcode
	1035.000000	73.000000	77.020752	913.286011
barcode
	1033.000000	65.000000	76.064590	930.203003
barcode
	1032.000000	67.000000	80.371689	930.010071
barcode
	1030.000000	43.000000	81.830170	977.905151
barcode
	1027.000000	62.000000	84.735817	936.375488
barcode
	1035.000000	57.000000	76.755821	943.395203
barcode
	1034.000000	59.000000	81.131287	947.269775
barcode
	1035.000000	72.000000	78.837143	914.669250
barcode
	1032.000000	69.000000	79.238945	922.665894
barcode
	1032.000000	67.000000	81.514481	931.109680
barcode
	1030.000000	30.000000	80.715004	1004.690918
barcode
	1028.000000	55.000000	84.324593	950.054199
barcode
	1036.000000	58.000000	74.861267	941.134705
barcode
	1035.000000	58.000000	78.711700	948.255798
barcode
	1035.000000	70.000000	78.735390	916.726929
barcode
	1033.000000	69.000000	77.572929	922.341797
barcode
	1032.000000	71.000000	79.640793	923.343384
barcode
	1032.000000	67.000000	81.159492	930.204407
barcode
	1030.000000	43.000000	82.237091	979.485168
barcode
	1028.000000	62.000000	83.661911	936.328613
barcode
	1036.000000	58.000000	76.563820	942.964722
barcode
	1034.000000	56.000000	80.641106	952.041199
barcode
	1036.000000	68.000000	76.834106	921.244995
barcode, RR`
	1034.000000	29.000000	87.264435	1004.949951
barcode, R`G, GG`
	1030.000000	49.000000	81.741234	968.562866
barcode, BB`
	1031.000000	62.000000	78.277275	934.044189
barcode, B`X
	1029.000000	66.000000	82.458778	931.110413
barcode
	1027.000000	58.000000	82.153503	943.488586
barcode
	1036.000000	54.000000	74.620285	948.656555
barcode
	1035.000000	56.000000	76.815575	951.222900
barcode
	1036.000000	68.000000	77.012283	920.257080
barcode
	1033.000000	64.000000	74.703003	931.954285
barcode
	1031.000000	66.000000	79.626328	931.217712
barcode
	1028.000000	26.000000	81.642838	1012.034241
barcode
	1028.000000	66.000000	82.424088	925.679810
barcode
	1035.000000	57.000000	76.781937	941.261230
barcode
	1033.000000	56.000000	79.798042	950.475708
barcode
	1035.000000	70.000000	77.519432	915.768005
barcode
	1033.000000	64.000000	76.092705	932.161682
barcode
	1031.000000	61.000000	81.204544	942.537415
barcode, B`X
	1028.000000	18.000000	82.345795	1027.707153
barcode
	1029.000000	63.000000	80.764450	932.113037
barcode
	1036.000000	53.000000	75.185356	949.732422
barcode
	1035.000000	55.000000	77.995163	952.498291
barcode
	1036.000000	68.000000	76.803719	921.578735
barcode
	1034.000000	64.000000	75.626709	932.471130
barcode
	1033.000000	61.000000	77.895157	943.600342
barcode
	1033.000000	64.000000	80.504738	934.259277
barcode
	1028.000000	24.000000	81.800827	1016.291199
barcode
	1028.000000	60.000000	81.368378	938.713501
barcode
	1036.000000	54.000000	76.010803	947.795410
barcode
	1034.000000	57.000000	78.584114	948.902283
barcode
	1035.000000	72.000000	77.536331	912.101807
barcode, X`R
	1036.000000	26.000000	83.094719	1009.809143
barcode, R`G
	1027.000000	56.000000	84.552155	953.854736
barcode, BB`
	1032.000000	64.000000	77.591743	928.361450
barcode, B`X
	1030.000000	53.000000	80.318054	956.010925
barcode
	1030.000000	62.000000	79.676544	932.454224
barcode
	1036.000000	55.000000	73.994675	945.894409
barcode
	1034.000000	56.000000	77.925591	948.559265
barcode
	1036.000000	68.000000	76.439491	920.432495
barcode
	1034.000000	62.000000	72.751854	932.957153
barcode
	1035.000000	64.000000	73.817757	936.504089
barcode, B`X
	1028.000000	33.000000	81.444092	998.593933
barcode
	1031.000000	58.000000	77.378639	940.992859
barcode
	1037.000000	50.000000	71.302017	953.254333
barcode
	1034.000000	51.000000	78.292374	958.729614
barcode
	1036.000000	71.000000	76.898071	912.755981
barcode
	1034.000000	64.000000	75.127106	929.670898
barcode
	1034.000000	63.000000	76.817940	937.707275
barcode, B`X
	1029.000000	28.000000	81.436340	1006.973022
barcode
	1031.000000	60.000000	78.899033	935.737244
barcode
	1037.000000	49.000000	72.630562	955.577637
barcode
	1034.000000	58.000000	78.558731	944.640991
barcode
	1036.000000	68.000000	75.698051	919.070923
barcode
	1033.000000	67.000000	75.519386	924.605225
barcode
	1034.000000	61.000000	77.347137	941.338257
barcode
	1034.000000	65.000000	79.131905	931.609497
barcode, B`X
	1028.000000	32.000000	82.209946	998.787659
barcode
	1031.000000	61.000000	80.912445	933.509827
barcode
	1037.000000	51.000000	73.465370	949.888489
barcode
	1034.000000	53.000000	78.515038	953.735046
barcode, BB`
	1031.000000	57.000000	78.517090	940.432617
barcode, B`X
	1031.000000	57.000000	80.260033	944.812622
barcode
	1032.000000	57.000000	79.535591	941.672607
barcode
	1037.000000	49.000000	73.154320	955.082214
barcode
	1034.000000	50.000000	77.980278	960.531799
barcode
	1037.000000	67.000000	75.424042	921.712341
barcode
	1034.000000	67.000000	74.792747	923.545410
barcode
	1033.000000	60.000000	77.968094	943.362793
barcode, B`X
	1027.000000	32.000000	84.329216	998.990234
barcode
	1031.000000	59.000000	78.356255	937.578247
barcode
	1037.000000	51.000000	71.046562	951.168823
barcode
	1033.000000	48.000000	77.397537	964.027283
barcode
	1036.000000	70.000000	75.593910	915.524597
barcode
	1034.000000	71.000000	73.356926	917.296570
barcode
	1037.000000	60.000000	71.054237	944.779846
barcode, B`X
	1028.000000	34.000000	82.483742	993.604187
barcode
	1033.000000	57.000000	76.162277	940.332397
barcode
	1037.000000	48.000000	71.469353	955.249512
barcode
	1034.000000	52.000000	79.080986	954.135437
barcode
	1037.000000	71.000000	74.093361	913.548950
barcode
	1034.000000	70.000000	74.688766	918.200012
barcode
	1035.000000	58.000000	77.197823	947.020386
barcode
	1034.000000	70.000000	79.895767	922.551941
barcode, B`X
	1027.000000	38.000000	84.625198	983.608582
barcode
	1032.000000	55.000000	78.361595	944.274963
barcode
	1037.000000	48.000000	71.976456	954.182312
barcode
	1033.000000	46.000000	79.773018	966.369873
barcode
	1037.000000	68.000000	74.714104	919.979675
barcode, X`R
	1036.000000	19.000000	79.307060	1022.052551
barcode, R`G
	1026.000000	70.000000	87.311501	926.906738
barcode, BB`
	1031.000000	60.000000	78.142723	933.793640
barcode, B`X
	1032.000000	60.000000	78.268097	937.092529
barcode
	1032.000000	57.000000	76.541924	939.500122
barcode
	1037.000000	48.000000	71.375374	954.664734
barcode
	1033.000000	49.000000	79.205887	958.464600
barcode
	1036.000000	69.000000	75.295547	916.966248
barcode
	1034.000000	70.000000	74.718956	917.276428
barcode
	1035.000000	58.000000	74.041634	944.179382
barcode, B`X
	1027.000000	52.000000	85.208755	955.552368
barcode
	1032.000000	56.000000	77.697609	941.811523
barcode
	1036.000000	47.000000	72.192719	954.884705
barcode
	1033.000000	43.000000	78.703758	968.906250
barcode
	1037.000000	66.000000	73.424614	922.384766
barcode
	1036.000000	71.000000	73.494942	915.140198
barcode
	1035.000000	53.000000	73.495636	954.298218
barcode, B`X
	1029.000000	45.000000	82.494812	969.295288
barcode
	1034.000000	56.000000	74.683540	942.667664
barcode
	1037.000000	53.000000	71.953201	944.560730
barcode
	1034.000000	48.000000	78.992790	959.099487
barcode
	1036.000000	66.000000	75.856079	922.879639
barcode
	1035.000000	73.000000	73.785561	909.792725
barcode
	1036.000000	54.000000	74.085419	952.518616
barcode
	1034.000000	62.000000	77.214569	936.770630
barcode, B`X
	1029.000000	46.000000	82.416718	966.524231
barcode
	1033.000000	55.000000	77.337708	943.531189
barcode
	1037.000000	51.000000	70.967552	950.090454
barcode
	1034.000000	40.000000	78.036636	973.496582
barcode
	1037.000000	68.000000	75.021942	920.274536
barcode, X`R
	1037.000000	14.000000	78.319153	1029.605347
barcode, R`G
	1029.000000	71.000000	86.240654	928.604126
barcode, BB`
	1033.000000	61.000000	79.593071	931.650879
barcode, B`X
	1033.000000	54.000000	77.168488	946.207764
barcode
	1033.000000	52.000000	77.388901	949.956482
barcode
	1037.000000	53.000000	72.756035	943.465576
barcode
	1034.000000	43.000000	79.020409	966.202026
barcode
	1037.000000	68.000000	76.024620	918.820740
barcode
	1034.000000	77.000000	74.849480	902.869263
barcode
	1036.000000	55.000000	74.463768	950.133789
barcode, B`X
	1027.000000	51.000000	85.921013	955.794739
barcode
	1033.000000	57.000000	75.928352	940.765259
barcode
	1037.000000	50.000000	72.574921	949.905151
barcode
	1034.000000	45.000000	78.282692	963.560608
barcode
	1037.000000	64.000000	74.608017	927.971191
barcode
	1035.000000	72.000000	74.421013	912.923218
barcode
	1036.000000	49.000000	73.662354	960.309875
barcode, B`X
	1028.000000	44.000000	85.001305	970.165283
barcode
	1034.000000	56.000000	77.116302	942.402039
barcode
	1037.000000	57.000000	73.481003	936.596558
barcode
	1034.000000	47.000000	79.196236	959.126465
barcode
	1036.000000	70.000000	76.553574	914.688354
barcode
	1034.000000	75.000000	74.566322	905.919922
barcode
	1037.000000	51.000000	72.495079	956.714294
barcode
	1034.000000	59.000000	78.342323	941.135193
barcode, B`X
	1028.000000	46.000000	85.470123	964.149170
barcode
	1033.000000	55.000000	78.748398	942.757996
barcode
	1037.000000	56.000000	73.398109	938.666992
barcode
	1034.000000	46.000000	79.666573	961.473145
barcode
	1036.000000	68.000000	76.329971	919.049805
barcode, X`R
	1036.000000	14.000000	79.522415	1025.849243
barcode, R`G
	1033.000000	72.000000	84.672211	925.884155
barcode
	1034.000000	63.000000	79.509224	929.588013
barcode, B`X
	1034.000000	57.000000	78.280403	939.259094
barcode
	1033.000000	61.000000	79.360764	931.316650
barcode
	1036.000000	58.000000	75.550880	934.968567
barcode
	1035.000000	49.000000	80.879082	955.105896
barcode
	1036.000000	68.000000	76.264725	919.911438
barcode
	1034.000000	75.000000	74.263359	905.798279
barcode
	1037.000000	55.000000	73.740326	947.191467
