barcode
	1028.000000	67.000000	83.327072	923.634521
barcode
	1032.000000	48.000000	81.741882	963.153992
barcode, X`R
	1036.000000	35.000000	71.756653	989.027649
barcode, R`G
	1035.000000	39.000000	79.628204	985.599976
barcode, G`B
	1029.000000	47.000000	76.753670	971.596313
barcode, B`X
	1033.000000	51.000000	76.566864	951.477295
barcode
	1032.000000	78.000000	77.965385	908.224426
barcode
	1031.000000	71.000000	78.370232	918.466492
barcode
	1028.000000	65.000000	83.610687	927.697998
barcode
	1034.000000	52.000000	78.706207	956.008545
barcode, X`R
	1035.000000	38.000000	74.571159	982.963318
barcode
	1031.000000	65.000000	79.576309	927.409180
barcode
	1035.000000	55.000000	75.817856	945.656128
barcode
	1033.000000	77.000000	75.972000	910.577454
barcode
	1031.000000	72.000000	79.446777	918.194275
barcode
	1027.000000	67.000000	84.125687	923.798035
barcode
	1033.000000	53.000000	80.869102	954.683838
barcode, X`R
	1035.000000	39.000000	74.581482	981.782104
barcode
	1031.000000	64.000000	79.211678	930.451721
barcode
	1035.000000	56.000000	77.958702	943.762390
barcode
	1032.000000	80.000000	79.046402	903.012756
barcode
	1031.000000	70.000000	80.312881	921.040710
barcode
	1027.000000	70.000000	85.430351	918.053772
barcode
	1033.000000	52.000000	80.979431	955.203613
barcode, X`R
	1033.000000	43.000000	75.904106	974.915283
barcode
	1030.000000	65.000000	81.192924	927.791870
barcode
	1033.000000	63.000000	77.138550	936.468689
barcode
	1030.000000	60.000000	83.810738	937.882019
barcode
	1033.000000	71.000000	75.431290	921.047058
barcode
	1031.000000	70.000000	76.873795	920.665710
barcode
	1028.000000	69.000000	82.882118	919.959778
barcode
	1034.000000	50.000000	79.121117	961.628845
barcode, X`R
	1036.000000	29.000000	72.526062	998.261536
barcode, R`G
	1034.000000	42.000000	81.908028	977.838989
barcode, G`B
	1029.000000	45.000000	77.689583	975.451050
barcode, B`X
	1032.000000	53.000000	78.799660	947.192566
barcode
	1033.000000	74.000000	76.956459	913.548706
barcode
	1031.000000	72.000000	78.960281	917.248047
barcode
	1029.000000	73.000000	80.426552	914.157349
barcode
	1035.000000	54.000000	78.937088	954.704895
barcode, X`R
	1034.000000	42.000000	72.884041	975.780334
barcode
	1031.000000	63.000000	79.720673	932.113159
barcode
	1035.000000	60.000000	76.342285	935.441895
barcode
	1033.000000	73.000000	76.031136	917.646423
barcode
	1032.000000	76.000000	78.655853	908.716553
barcode
	1028.000000	72.000000	83.740143	915.030884
barcode
	1034.000000	53.000000	78.868538	955.279175
barcode, X`R
	1033.000000	53.000000	77.472046	952.833862
barcode
	1031.000000	68.000000	81.273590	921.164429
barcode
	1035.000000	58.000000	78.578575	939.640625
barcode
	1033.000000	76.000000	78.167206	911.822815
barcode
	1032.000000	76.000000	77.923943	908.310730
barcode
	1029.000000	70.000000	81.523079	920.478271
barcode
	1035.000000	54.000000	78.610603	953.349854
barcode, X`R
	1034.000000	50.000000	74.043221	957.248962
barcode
	1030.000000	66.000000	81.486481	925.459595
barcode
	1035.000000	62.000000	75.585022	934.752930
barcode
	1032.000000	43.000000	82.177155	970.889771
barcode
	1033.000000	74.000000	76.755417	913.406311
barcode
	1032.000000	70.000000	75.716972	918.600952
barcode
	1029.000000	73.000000	79.742126	915.077576
barcode
	1035.000000	56.000000	77.452530	949.363464
barcode, X`R
	1037.000000	35.000000	69.260422	986.083130
barcode, R`G
	1033.000000	38.000000	78.586975	983.312500
barcode, G`B
	1029.000000	48.000000	74.494003	969.154175
barcode, B`X
	1033.000000	56.000000	78.247589	941.084717
barcode
	1034.000000	77.000000	77.644432	907.417419
barcode
	1032.000000	77.000000	76.591904	906.682190
barcode
	1029.000000	75.000000	81.212402	912.294800
barcode
	1035.000000	60.000000	77.617905	941.936707
barcode, X`R
	1034.000000	46.000000	74.099228	966.303467
barcode
	1030.000000	67.000000	81.548828	923.877563
barcode
	1036.000000	60.000000	75.849983	933.306946
barcode
	1034.000000	74.000000	76.806702	913.208374
barcode
	1032.000000	78.000000	76.904274	904.081665
barcode
	1029.000000	75.000000	79.573906	910.923462
barcode
	1036.000000	59.000000	76.684547	943.043640
barcode, X`R
	1034.000000	54.000000	74.561546	950.330933
barcode
	1030.000000	68.000000	79.213318	922.400452
barcode
	1037.000000	57.000000	72.833511	938.070496
barcode
	1034.000000	72.000000	76.808922	917.885559
barcode
	1033.000000	75.000000	76.910866	910.490479
barcode
	1029.000000	71.000000	81.271301	919.476318
barcode
	1036.000000	58.000000	76.173248	947.365784
barcode, X`R
	1035.000000	52.000000	73.953773	954.161926
barcode
	1031.000000	70.000000	81.666779	917.355225
barcode
	1036.000000	62.000000	74.931145	931.198792
barcode
	1032.000000	40.000000	84.960419	974.220093
barcode
	1033.000000	74.000000	76.201340	913.623413
barcode
	1033.000000	75.000000	74.942268	908.599976
barcode
	1030.000000	71.000000	79.451920	920.002136
barcode
	1036.000000	58.000000	74.958519	945.997192
barcode, X`R
	1036.000000	38.000000	70.223526	982.363159
barcode, R`G
	1035.000000	45.000000	78.074158	972.354980
barcode, G`B
	1029.000000	55.000000	74.716805	957.001404
barcode, B`X
	1033.000000	47.000000	77.703888	960.587341
barcode
	1034.000000	72.000000	76.934578	917.476501
barcode
	1033.000000	75.000000	75.091949	907.679016
barcode
	1030.000000	73.000000	79.556870	915.927734
barcode
	1036.000000	59.000000	76.318069	945.042297
barcode, X`R
	1034.000000	56.000000	74.419228	947.044983
barcode
	1030.000000	67.000000	82.740456	923.962708
barcode
	1035.000000	62.000000	75.987198	929.469910
barcode
	1034.000000	72.000000	76.958130	917.764954
barcode
	1033.000000	79.000000	75.860054	900.396057
barcode
	1031.000000	73.000000	78.506477	917.845215
barcode
	1035.000000	63.000000	76.675117	937.580811
barcode, X`R
	1034.000000	54.000000	75.100853	951.444275
barcode
	1031.000000	65.000000	79.473175	929.767334
barcode
	1033.000000	73.000000	74.312119	913.434692
barcode
	1030.000000	72.000000	79.598717	918.080017
barcode
	1036.000000	62.000000	75.121429	938.501587
barcode, X`R
	1035.000000	50.000000	72.861908	957.408630
barcode
	1030.000000	68.000000	81.424767	921.529236
barcode
	1036.000000	57.000000	75.535492	937.799377
barcode
	1032.000000	47.000000	84.250320	960.086426
barcode
	1034.000000	71.000000	76.837402	919.845642
barcode
	1033.000000	68.000000	77.136147	923.478271
barcode
	1031.000000	72.000000	77.508949	918.442871
barcode
	1036.000000	61.000000	75.576736	940.747009
barcode, X`R
	1037.000000	42.000000	72.092354	973.683655
barcode, R`G
	1034.000000	43.000000	80.089455	974.882751
barcode, G`B
	1030.000000	57.000000	75.470917	950.190186
barcode, B`X
	1033.000000	46.000000	77.206230	960.995850
barcode
	1034.000000	74.000000	77.649437	913.226624
barcode
	1033.000000	75.000000	75.486404	909.439880
barcode
	1032.000000	72.000000	76.418556	919.042908
barcode
	1037.000000	62.000000	74.355858	938.982117
barcode, X`R
	1035.000000	60.000000	73.561012	939.347778
barcode
	1032.000000	67.000000	78.908531	922.531189
barcode
	1036.000000	60.000000	73.824661	932.472534
barcode
	1034.000000	71.000000	76.436279	920.060303
barcode
	1034.000000	77.000000	75.076447	906.037842
barcode
	1033.000000	69.000000	75.276108	925.468262
barcode
	1037.000000	61.000000	73.826698	940.275391
barcode, X`R
	1036.000000	57.000000	72.126984	944.376038
barcode
	1031.000000	65.000000	81.487358	927.949585
barcode
	1036.000000	64.000000	76.807045	924.396118
barcode
	1034.000000	70.000000	77.344879	920.137695
barcode
	1034.000000	75.000000	76.110725	910.115356
barcode
	1032.000000	68.000000	77.595276	926.571533
barcode
	1036.000000	63.000000	75.082153	936.458801
barcode, X`R
	1036.000000	55.000000	72.193283	947.949524
barcode
	1031.000000	66.000000	82.201782	924.067139
barcode
	1037.000000	50.000000	72.873436	950.071655
barcode
	1033.000000	46.000000	83.302177	960.869873
barcode
	1034.000000	70.000000	76.523827	920.364136
barcode
	1035.000000	71.000000	74.242500	917.202637
barcode
	1032.000000	69.000000	75.106438	925.646545
barcode
	1036.000000	62.000000	75.141670	938.611877
barcode, X`R
	1037.000000	42.000000	69.783546	973.682617
barcode, R`G
	1035.000000	40.000000	80.017593	980.825195
barcode, G`B
	1030.000000	54.000000	75.281807	956.010010
barcode, B`X
	1032.000000	47.000000	78.545250	959.765076
barcode
	1034.000000	69.000000	78.160492	922.536926
barcode
	1033.000000	74.000000	75.637581	912.552307
barcode
	1033.000000	62.000000	76.350288	939.559021
barcode
	1037.000000	61.000000	74.558022	940.874512
barcode, X`R
	1035.000000	59.000000	73.505325	940.505066
barcode
	1031.000000	61.000000	80.316437	933.679321
barcode
	1037.000000	57.000000	72.089249	936.911133
barcode
	1035.000000	69.000000	76.446556	922.481873
barcode
	1033.000000	72.000000	75.902374	916.526062
barcode
	1033.000000	66.000000	75.519394	932.870178
barcode
	1036.000000	64.000000	73.319397	933.107971
barcode, X`R
	1035.000000	60.000000	73.957893	938.044678
barcode
	1030.000000	63.000000	82.677177	931.359863
barcode
	1036.000000	62.000000	74.294128	928.545471
barcode
	1034.000000	69.000000	76.718185	921.384827
barcode
	1034.000000	75.000000	74.856346	910.852295
barcode
	1034.000000	66.000000	73.978104	933.017273
barcode
	1037.000000	59.000000	74.427765	943.718262
barcode, X`R
	1036.000000	56.000000	70.958527	945.707764
barcode
	1031.000000	62.000000	80.064476	932.012634
barcode
	1036.000000	52.000000	72.103470	945.587402
barcode
	1035.000000	49.000000	80.057449	955.901306
barcode
	1034.000000	68.000000	75.942596	924.652466
barcode
	1034.000000	75.000000	74.867989	910.515381
barcode
	1034.000000	66.000000	73.852325	932.032959
barcode
	1036.000000	64.000000	74.806396	933.385925
barcode, X`R
	1038.000000	51.000000	69.682289	956.139893
barcode, R`G
	1036.000000	47.000000	78.359253	967.620544
barcode
	1032.000000	57.000000	72.266602	951.033447
barcode, B`X
	1033.000000	54.000000	78.926872	943.253967
barcode
	1034.000000	65.000000	77.307190	928.290527
barcode
	1034.000000	75.000000	74.654411	911.734558
barcode
	1034.000000	66.000000	73.146912	932.683228
barcode
	1037.000000	59.000000	73.702232	942.829163
barcode, X`R
	1036.000000	64.000000	71.993301	930.878662
barcode
	1031.000000	61.000000	79.598427	933.351807
barcode
	1037.000000	61.000000	72.699348	932.034546
barcode
	1035.000000	65.000000	76.587082	929.880249
barcode
	1034.000000	75.000000	76.149597	910.918335
barcode
	1036.000000	64.000000	73.183472	935.983337
barcode
	1036.000000	62.000000	74.749214	937.197815
barcode, X`R
	1032.000000	65.000000	77.606514	927.488342
barcode
	1030.000000	58.000000	82.423210	939.621948
barcode
	1036.000000	61.000000	73.475761	930.860168
barcode
	1034.000000	62.000000	78.000938	933.454773
barcode
	1034.000000	72.000000	76.270920	917.797974
barcode
	1035.000000	66.000000	73.670082	933.009888
barcode
	1036.000000	60.000000	74.890320	940.731445
barcode, X`R
	1034.000000	60.000000	76.270279	936.306702
barcode
	1030.000000	58.000000	82.290665	939.428650
barcode
	1036.000000	55.000000	73.656128	939.115356
barcode
	1036.000000	47.000000	77.858276	959.605774
barcode
	1034.000000	63.000000	76.680550	931.322510
barcode
	1035.000000	71.000000	74.598343	919.548218
barcode
	1035.000000	66.000000	73.336502	931.265808
barcode
	1036.000000	65.000000	75.054871	930.893799
barcode, X`R
	1035.000000	53.000000	74.100571	952.402832
barcode, R`G
	1036.000000	54.000000	75.985840	954.217590
barcode
	1033.000000	52.000000	72.856659	959.662598
barcode, B`X
	1034.000000	55.000000	77.518951	941.166870
barcode
	1035.000000	66.000000	77.436234	924.763367
barcode
	1034.000000	74.000000	76.410660	914.903687
barcode
	1036.000000	66.000000	73.379066	931.491150
barcode
	1036.000000	62.000000	74.973419	936.173157
barcode, X`R
	1034.000000	56.000000	75.990936	944.664307
barcode
	1031.000000	61.000000	83.271507	932.128784
barcode
	1037.000000	59.000000	72.731728	935.484741
barcode
	1035.000000	63.000000	78.040703	930.124634
barcode
	1035.000000	76.000000	76.268997	909.950745
barcode
	1036.000000	65.000000	72.834816	934.209839
barcode
	1036.000000	60.000000	74.709152	939.376892
barcode, X`R
	1034.000000	62.000000	76.024071	934.046631
barcode
	1030.000000	58.000000	83.622665	938.023438
barcode
	1037.000000	64.000000	74.796814	927.186890
barcode
	1035.000000	65.000000	78.228539	926.414917
barcode
	1034.000000	72.000000	76.595169	918.558777
barcode
	1036.000000	62.000000	73.916893	937.893311
barcode
	1036.000000	57.000000	76.552673	944.799072
barcode, X`R
	1034.000000	62.000000	76.249901	932.324951
barcode
	1030.000000	60.000000	82.255531	933.862915
barcode
	1036.000000	56.000000	72.568275	935.834290
barcode
	1038.000000	49.000000	77.040359	955.521057
barcode
	1035.000000	66.000000	76.289421	924.976562
barcode
	1035.000000	74.000000	75.047516	912.864441
barcode
	1036.000000	66.000000	72.746033	930.925293
barcode
	1035.000000	57.000000	73.291679	945.288696
barcode, X`R
	1034.000000	50.000000	73.280319	958.715637
barcode, R`G
	1037.000000	53.000000	76.396133	957.033325
barcode
	1033.000000	53.000000	71.660744	958.336731
barcode, B`X
	1034.000000	55.000000	76.950668	942.048767
barcode
	1034.000000	66.000000	76.662933	924.483582
barcode
	1035.000000	72.000000	74.483566	919.089478
barcode
	1036.000000	60.000000	71.534210	943.569458
barcode
	1035.000000	60.000000	74.085823	938.742371
barcode, X`R
	1033.000000	64.000000	76.286240	929.414856
barcode
	1030.000000	57.000000	82.929955	938.477844
barcode
	1037.000000	62.000000	72.872444	930.926086
barcode
	1034.000000	64.000000	77.279984	927.429260
barcode
	1035.000000	75.000000	74.778976	912.612671
barcode
	1038.000000	62.000000	72.228172	937.805725
barcode
	1035.000000	58.000000	73.692192	942.401611
barcode, X`R
	1033.000000	62.000000	75.647530	934.140564
barcode
	1030.000000	58.000000	83.659874	937.231506
barcode
	1037.000000	65.000000	74.503998	925.141785
barcode
	1034.000000	66.000000	77.864815	925.432190
barcode
	1035.000000	72.000000	73.929085	919.569580
barcode
	1037.000000	64.000000	72.405678	935.850159
barcode
	1035.000000	60.000000	73.703568	939.111755
barcode, X`R
	1030.000000	65.000000	78.467377	930.255249
barcode
	1030.000000	58.000000	81.764549	936.567078
barcode
	1036.000000	54.000000	71.497307	941.485718
barcode
	1039.000000	50.000000	76.816582	955.663513
barcode
	1034.000000	66.000000	77.587097	925.080505
barcode
	1034.000000	75.000000	75.344482	912.441711
barcode
	1037.000000	61.000000	71.862320	939.137817
barcode
	1035.000000	58.000000	73.184029	942.693359
barcode, X`R
	1032.000000	64.000000	76.693863	929.859192
R`G, 
	1037.000000	54.000000	81.306305	955.634766
barcode
	1034.000000	54.000000	74.586548	954.032959
barcode, B`X
	1033.000000	58.000000	76.306503	935.107117
barcode
	1034.000000	67.000000	78.908310	922.849243
barcode
	1035.000000	73.000000	76.058220	916.416870
barcode
	1036.000000	67.000000	74.733002	925.825256
barcode
	1035.000000	59.000000	74.925468	941.036987
barcode, X`R
	1031.000000	61.000000	78.190239	936.937866
barcode
	1031.000000	57.000000	81.432915	937.760681
barcode
	1036.000000	67.000000	73.567680	920.497131
barcode
	1033.000000	66.000000	78.253738	925.525879
barcode
	1034.000000	74.000000	75.583458	914.433228
barcode
	1037.000000	69.000000	74.133507	922.862793
barcode
	1035.000000	57.000000	73.853333	943.981689
barcode, X`R
	1031.000000	62.000000	78.161179	934.399780
barcode
	1030.000000	59.000000	83.143883	934.395691
barcode
	1036.000000	70.000000	73.971695	914.279968
barcode
	1034.000000	65.000000	79.572304	926.322632
barcode
	1035.000000	66.000000	75.911072	930.099792
barcode
	1037.000000	64.000000	74.593330	932.570862
barcode
	1034.000000	57.000000	75.082924	942.437500
barcode, X`R
	1029.000000	57.000000	80.073029	945.209900
barcode
	1029.000000	57.000000	83.163368	937.995850
barcode
	1036.000000	56.000000	73.848572	939.094604
barcode
	1037.000000	54.000000	75.659439	950.297729
barcode
	1034.000000	65.000000	77.899246	926.203674
barcode
	1035.000000	72.000000	75.110840	918.397095
barcode
	1036.000000	60.000000	69.935318	941.506531
barcode
	1035.000000	60.000000	72.512665	936.734436
barcode, X`R
	1030.000000	68.000000	77.512039	922.518738
R`G, 
	1038.000000	58.000000	76.471367	948.947754
barcode
	1036.000000	69.000000	70.950310	924.556458
barcode, B`X
	1034.000000	60.000000	75.280975	933.305847
barcode
	1034.000000	71.000000	75.100998	915.705444
barcode
	1035.000000	68.000000	74.706154	926.345215
barcode
	1037.000000	64.000000	72.169502	932.211853
barcode
	1035.000000	59.000000	73.380997	938.652039
barcode, X`R
	1031.000000	55.000000	76.879372	949.960266
barcode
	1030.000000	60.000000	84.136414	930.609436
barcode
	1036.000000	74.000000	74.577278	907.900024
barcode
	1034.000000	69.000000	78.087677	917.808105
barcode
	1033.000000	68.000000	77.616203	925.630798
barcode
	1037.000000	68.000000	73.035561	923.858398
barcode
	1035.000000	59.000000	73.383965	938.635376
barcode, X`R
	1030.000000	53.000000	79.046875	952.249695
barcode
	1030.000000	59.000000	82.482788	933.510254
barcode
	1036.000000	70.000000	74.122818	916.026794
barcode
	1032.000000	71.000000	79.286102	914.154541
barcode
	1033.000000	65.000000	77.283043	930.886780
barcode
	1037.000000	67.000000	73.423462	925.702515
barcode
	1034.000000	60.000000	73.011589	937.139954
barcode, X`R
	1029.000000	55.000000	79.273613	948.795654
barcode
	1030.000000	58.000000	81.736511	934.009705
barcode
	1037.000000	62.000000	72.255333	928.188599
barcode
	1038.000000	55.000000	74.886810	950.027039
barcode
	1033.000000	71.000000	79.553040	915.304626
barcode
	1033.000000	60.000000	76.832634	941.324646
barcode
	1037.000000	68.000000	75.182808	924.258850
barcode
	1033.000000	61.000000	75.067978	935.146423
barcode, X`R
	1028.000000	53.000000	80.251274	952.397705
barcode
	1037.000000	57.000000	77.112946	949.067810
barcode, GG`
	1033.000000	90.000000	77.487503	880.701660
barcode, B`X
	1033.000000	58.000000	77.203117	936.199829
barcode
	1033.000000	65.000000	80.218513	926.774475
barcode
	1034.000000	55.000000	77.268074	948.136292
barcode
	1036.000000	62.000000	75.403275	936.416382
barcode
	1033.000000	61.000000	75.216461	934.987732
barcode, X`R
	1029.000000	58.000000	80.931015	943.673035
barcode
	1030.000000	53.000000	83.604675	945.682190
barcode
	1036.000000	67.000000	74.919556	921.179993
barcode
	1033.000000	66.000000	79.786217	924.998230
barcode
	1033.000000	54.000000	79.433266	950.981628
barcode
	1036.000000	63.000000	76.457672	933.603882
barcode
	1034.000000	58.000000	75.091194	940.158813
barcode, X`R
	1028.000000	59.000000	80.994659	939.932922
barcode
	1029.000000	55.000000	82.842125	940.412659
barcode
	1036.000000	66.000000	73.992477	924.230286
barcode
	1033.000000	66.000000	79.206619	924.216248
