barcode
	1028.000000	70.000000	81.679237	918.785706
barcode, RR`
	1034.000000	49.000000	77.435692	962.688721
barcode, GG`
	1028.000000	59.000000	87.559059	946.541626
barcode, BB`
	1026.000000	72.000000	81.696449	911.915100
barcode
	1034.000000	78.000000	83.441589	908.621094
barcode
	1028.000000	59.000000	86.645988	944.588562
barcode
	1028.000000	58.000000	87.331238	942.087646
barcode
	1029.000000	59.000000	82.289383	939.929932
barcode
	1029.000000	69.000000	80.223724	919.656067
barcode
	1031.000000	60.000000	79.173088	940.023926
barcode
	1037.000000	60.000000	72.685471	938.511536
barcode
	1033.000000	73.000000	81.918533	917.422668
barcode, GG`
	1028.000000	59.000000	85.383461	944.074951
barcode
	1028.000000	58.000000	86.865845	942.856689
barcode
	1029.000000	58.000000	83.932365	941.776367
barcode
	1028.000000	70.000000	81.993523	917.470215
barcode
	1031.000000	62.000000	81.095078	935.271606
barcode
	1037.000000	53.000000	74.777527	953.515320
barcode
	1033.000000	69.000000	83.875946	924.910034
barcode, GG`
	1028.000000	62.000000	84.667366	940.260742
barcode
	1028.000000	60.000000	87.794907	937.225586
barcode
	1029.000000	62.000000	83.301758	935.155518
barcode
	1028.000000	72.000000	81.858986	914.359558
barcode
	1032.000000	68.000000	79.404160	923.499084
barcode
	1036.000000	51.000000	75.449341	957.272827
barcode
	1034.000000	55.000000	77.199417	949.674377
barcode
	1033.000000	71.000000	84.052406	922.628601
barcode, GG`
	1028.000000	65.000000	85.794182	932.602356
barcode
	1028.000000	64.000000	85.387001	931.374939
barcode
	1029.000000	64.000000	82.383514	930.284302
barcode
	1029.000000	73.000000	80.766556	913.652405
barcode, RR`
	1034.000000	56.000000	74.899162	949.544189
barcode, GG`
	1031.000000	72.000000	86.185623	921.321228
barcode, BB`
	1027.000000	84.000000	82.834831	887.365540
barcode
	1032.000000	79.000000	83.053574	906.536377
barcode
	1028.000000	70.000000	84.748711	924.236023
barcode
	1028.000000	62.000000	86.333229	934.190369
barcode
	1028.000000	64.000000	84.378571	930.417542
barcode
	1028.000000	74.000000	81.227852	911.199524
barcode
	1031.000000	73.000000	78.520561	912.130371
barcode
	1037.000000	44.000000	74.629417	972.064087
barcode
	1034.000000	68.000000	82.177467	927.807251
barcode
	1027.000000	80.000000	85.076294	903.528137
barcode
	1028.000000	68.000000	85.789772	921.908386
barcode
	1029.000000	71.000000	83.328125	917.865173
barcode
	1028.000000	75.000000	80.997040	909.222473
barcode
	1032.000000	72.000000	79.696220	916.246765
barcode
	1036.000000	44.000000	76.504654	972.378418
barcode
	1033.000000	67.000000	82.657944	926.823303
barcode
	1028.000000	85.000000	85.426727	892.713867
barcode
	1028.000000	64.000000	86.598343	930.242065
barcode
	1029.000000	70.000000	83.220840	919.576538
barcode
	1028.000000	74.000000	82.100204	909.185303
barcode
	1032.000000	73.000000	80.699799	911.591003
barcode
	1036.000000	38.000000	78.062401	981.948547
barcode
	1033.000000	49.000000	79.084343	960.635193
barcode
	1033.000000	67.000000	84.149376	927.811584
barcode
	1029.000000	81.000000	84.430138	900.489014
barcode
	1028.000000	65.000000	85.764465	929.343262
barcode
	1029.000000	72.000000	83.815521	913.658691
barcode
	1028.000000	74.000000	81.575600	909.331299
barcode, RR`
	1033.000000	51.000000	81.068054	959.760132
barcode, GG`
	1033.000000	66.000000	86.266762	934.309753
barcode, BB`
	1028.000000	87.000000	83.457657	879.317322
barcode
	1033.000000	73.000000	83.694794	915.746826
barcode
	1028.000000	82.000000	83.523514	900.620789
barcode
	1028.000000	66.000000	86.839355	926.727234
barcode
	1028.000000	74.000000	84.597008	910.721680
barcode
	1029.000000	76.000000	82.177673	906.068909
barcode
	1031.000000	76.000000	82.097168	907.348877
barcode
	1034.000000	40.000000	79.349350	978.119202
barcode
	1034.000000	62.000000	82.886971	936.024841
barcode
	1029.000000	81.000000	83.266571	902.395813
barcode
	1029.000000	74.000000	83.178467	910.976379
barcode
	1030.000000	74.000000	81.455475	910.321106
barcode
	1029.000000	76.000000	80.837761	905.856628
barcode
	1031.000000	79.000000	79.818909	901.462830
barcode
	1034.000000	45.000000	77.109558	968.647644
barcode
	1035.000000	64.000000	81.355934	933.441956
barcode
	1030.000000	84.000000	81.911346	896.883118
barcode
	1030.000000	74.000000	81.019920	912.644165
barcode
	1030.000000	72.000000	81.363556	914.329468
barcode
	1029.000000	77.000000	82.116684	905.294373
barcode
	1030.000000	81.000000	79.498062	898.489807
barcode
	1034.000000	46.000000	78.437218	966.761169
barcode
	1033.000000	45.000000	78.844254	969.278748
barcode
	1035.000000	61.000000	83.008423	939.127075
barcode
	1029.000000	85.000000	81.559891	895.996033
barcode
	1030.000000	71.000000	82.126129	916.607849
barcode
	1030.000000	74.000000	81.896812	909.259338
barcode
	1029.000000	77.000000	82.433754	904.487122
barcode, RR`
	1033.000000	59.000000	82.789383	943.264648
barcode, GG`
	1036.000000	63.000000	80.225014	941.210632
barcode, BB`
	1027.000000	87.000000	83.253349	881.771423
barcode
	1034.000000	65.000000	83.304726	932.378296
barcode
	1029.000000	80.000000	81.530190	905.290100
barcode
	1029.000000	72.000000	82.441032	916.221863
barcode
	1029.000000	71.000000	83.451141	914.608704
barcode
	1029.000000	73.000000	83.444191	910.913025
barcode
	1030.000000	83.000000	84.420425	891.660217
barcode
	1033.000000	42.000000	82.787941	972.332581
barcode
	1035.000000	54.000000	82.936768	950.380859
barcode, GG`
	1031.000000	84.000000	81.676155	896.608032
barcode
	1031.000000	75.000000	80.686394	910.143738
barcode
	1030.000000	71.000000	81.484344	915.291260
barcode
	1029.000000	76.000000	83.138962	905.516418
barcode
	1030.000000	87.000000	83.287018	885.505432
barcode
	1033.000000	51.000000	79.846748	955.882507
barcode
	1035.000000	55.000000	80.835938	950.418030
barcode
	1031.000000	83.000000	78.295227	898.005920
barcode
	1031.000000	66.000000	77.955605	929.497070
barcode
	1030.000000	68.000000	82.060410	920.712097
barcode
	1029.000000	77.000000	82.447067	904.757446
barcode
	1030.000000	84.000000	81.767227	893.421631
barcode
	1033.000000	52.000000	79.815956	954.923218
barcode
	1032.000000	41.000000	80.306290	977.046753
barcode
	1036.000000	55.000000	80.012375	950.363281
barcode
	1032.000000	84.000000	78.532593	898.310852
barcode
	1031.000000	65.000000	78.366371	930.961487
barcode
	1029.000000	65.000000	84.783951	927.707825
barcode
	1029.000000	78.000000	81.179512	902.713257
barcode, RR`
	1033.000000	64.000000	84.503029	932.433533
barcode, GG`
	1036.000000	60.000000	80.046104	948.917542
barcode, BB`
	1028.000000	89.000000	84.401367	880.629883
barcode
	1034.000000	55.000000	81.437965	953.997375
barcode
	1032.000000	79.000000	80.609138	908.958923
barcode
	1032.000000	68.000000	79.880249	925.688232
barcode
	1029.000000	63.000000	85.064560	931.342407
barcode
	1029.000000	79.000000	83.768044	900.926270
barcode
	1029.000000	92.000000	84.560196	876.520935
barcode
	1032.000000	59.000000	83.721359	940.071655
barcode
	1035.000000	51.000000	82.637085	959.343262
barcode
	1033.000000	78.000000	80.040016	909.565857
barcode
	1033.000000	69.000000	77.767708	924.171997
barcode
	1030.000000	59.000000	85.144333	940.721863
barcode
	1029.000000	82.000000	84.224251	895.528442
barcode
	1028.000000	91.000000	85.479317	879.440186
barcode
	1031.000000	61.000000	85.278793	935.979492
barcode
	1035.000000	46.000000	83.345459	970.710205
barcode
	1034.000000	76.000000	80.184151	914.097656
barcode
	1033.000000	61.000000	77.906921	941.513062
barcode
	1030.000000	60.000000	83.777992	938.164368
barcode
	1030.000000	80.000000	83.368584	898.401550
barcode
	1028.000000	93.000000	85.128693	875.344177
barcode
	1031.000000	65.000000	84.245789	930.605408
barcode
	1031.000000	37.000000	83.375854	983.418701
barcode
	1035.000000	46.000000	83.165192	970.671753
barcode
	1034.000000	74.000000	78.169052	918.759644
barcode
	1033.000000	62.000000	77.476295	938.304077
barcode
	1030.000000	60.000000	80.503052	939.030518
barcode
	1028.000000	81.000000	81.503738	897.814819
barcode, RR`
	1031.000000	54.000000	85.171921	953.429688
barcode, GG`
	1036.000000	53.000000	77.434563	962.974060
barcode, BB`
	1029.000000	87.000000	82.293915	887.860535
barcode
	1034.000000	52.000000	77.021584	958.470459
barcode
	1034.000000	74.000000	77.593040	918.095154
barcode
	1033.000000	58.000000	77.692528	947.560974
barcode
	1031.000000	59.000000	82.413597	940.772461
barcode
	1029.000000	84.000000	82.989929	892.370422
barcode
	1028.000000	90.000000	84.842506	880.751099
barcode
	1030.000000	72.000000	85.600281	917.376526
barcode
	1034.000000	42.000000	82.568840	979.386780
barcode
	1034.000000	67.000000	78.319733	931.706787
barcode
	1034.000000	57.000000	77.746536	949.818054
barcode
	1031.000000	58.000000	85.621384	942.340576
barcode
	1029.000000	84.000000	83.152061	891.475586
barcode
	1027.000000	89.000000	84.904015	882.895813
barcode
	1030.000000	74.000000	87.982750	912.785645
barcode
	1034.000000	40.000000	80.693031	981.661682
barcode
	1035.000000	59.000000	77.066353	948.783386
barcode
	1034.000000	53.000000	77.890244	957.863647
barcode
	1031.000000	54.000000	85.305359	948.659851
barcode
	1029.000000	83.000000	83.553619	892.541565
barcode
	1028.000000	84.000000	85.513107	893.593018
barcode
	1030.000000	67.000000	88.037727	929.146851
barcode
	1030.000000	40.000000	84.850723	978.672852
barcode
	1035.000000	38.000000	81.598114	986.004639
barcode
	1035.000000	60.000000	79.777725	945.003662
barcode
	1033.000000	52.000000	77.580978	959.708984
barcode
	1032.000000	58.000000	82.488556	942.547180
barcode
	1030.000000	83.000000	83.197472	894.106323
barcode, RR`
	1031.000000	43.000000	85.980972	975.125549
barcode, GG`
	1035.000000	45.000000	80.539757	978.849792
barcode, BB`
	1030.000000	88.000000	83.377922	885.601624
barcode
	1035.000000	46.000000	76.806389	970.781006
barcode
	1035.000000	64.000000	78.756012	937.364929
barcode
	1035.000000	56.000000	74.736694	952.243530
barcode
	1033.000000	54.000000	82.388550	949.503235
barcode
	1031.000000	83.000000	81.132538	893.506104
barcode
	1029.000000	83.000000	82.829788	892.731079
barcode
	1031.000000	72.000000	84.699959	917.615295
barcode
	1034.000000	39.000000	78.837234	983.832825
barcode
	1035.000000	60.000000	78.530708	945.312012
barcode
	1035.000000	54.000000	76.553429	955.600586
barcode
	1033.000000	57.000000	83.049759	945.882874
barcode
	1031.000000	80.000000	82.309410	900.053528
barcode
	1028.000000	79.000000	84.721336	902.782776
barcode
	1030.000000	73.000000	86.948250	918.265076
barcode
	1034.000000	42.000000	80.525108	978.952271
barcode
	1035.000000	54.000000	80.378098	956.817139
barcode
	1035.000000	56.000000	77.555580	952.393494
barcode
	1032.000000	50.000000	84.879044	959.567505
barcode
	1031.000000	81.000000	83.555779	898.848450
barcode
	1028.000000	79.000000	85.113136	901.323730
barcode
	1030.000000	71.000000	87.013199	921.518738
barcode
	1029.000000	40.000000	83.573265	978.663391
barcode
	1034.000000	38.000000	79.410728	986.892334
barcode
	1034.000000	52.000000	78.811440	961.535217
barcode
	1034.000000	56.000000	76.541229	953.669556
barcode
	1032.000000	50.000000	82.611374	961.102356
barcode
	1031.000000	83.000000	81.505798	896.798462
barcode, RR`
	1032.000000	37.000000	81.948029	990.656311
barcode, GG`
	1035.000000	34.000000	77.784370	1001.247925
barcode, BB`
	1031.000000	90.000000	79.921974	882.810791
barcode
	1034.000000	44.000000	74.371544	976.164246
GG`, 
	1034.000000	54.000000	86.931274	956.880493
barcode
	1034.000000	51.000000	79.345627	961.513489
barcode
	1033.000000	50.000000	82.875130	959.550171
barcode
	1031.000000	81.000000	82.928856	899.838684
barcode
	1029.000000	77.000000	82.380501	906.084717
barcode
	1030.000000	74.000000	85.573593	917.929810
barcode
	1033.000000	41.000000	80.058578	979.866150
barcode, GG`
	1034.000000	56.000000	79.636139	953.760803
barcode
	1035.000000	54.000000	76.579536	955.180969
barcode
	1034.000000	49.000000	82.342583	962.823792
barcode
	1032.000000	82.000000	82.490578	897.521301
barcode
	1030.000000	76.000000	82.968750	907.951294
barcode
	1030.000000	71.000000	86.556961	921.814758
barcode
	1033.000000	44.000000	80.989082	973.549927
barcode
	1034.000000	53.000000	80.851585	959.753479
barcode
	1035.000000	59.000000	77.895477	945.536682
barcode
	1034.000000	50.000000	82.293243	961.226746
barcode
	1032.000000	82.000000	81.743835	899.400452
barcode
	1029.000000	78.000000	83.646408	904.672241
barcode
	1030.000000	70.000000	87.441582	926.473328
barcode
	1029.000000	36.000000	84.405739	986.136292
barcode
	1034.000000	37.000000	80.208725	987.664490
barcode, GG`
	1033.000000	52.000000	82.379333	961.306274
barcode
	1035.000000	55.000000	74.363235	952.813110
barcode
	1034.000000	53.000000	78.178680	956.438904
barcode
	1032.000000	80.000000	79.187653	901.746948
barcode, RR`
	1032.000000	27.000000	83.758331	1009.718140
barcode, GG`
	1035.000000	28.000000	76.822159	1013.207703
barcode, BB`
	1033.000000	86.000000	77.082420	889.479675
barcode
	1034.000000	40.000000	73.993820	983.600769
barcode, GG`
	1033.000000	56.000000	78.642731	954.503601
barcode
	1036.000000	53.000000	76.365379	956.852905
barcode
	1034.000000	55.000000	78.536247	954.113586
barcode
	1032.000000	83.000000	80.647240	896.044678
barcode
	1030.000000	78.000000	81.858200	903.328979
barcode
	1030.000000	76.000000	84.526543	911.424194
barcode
	1033.000000	43.000000	82.803238	975.539307
barcode, GG`
	1033.000000	46.000000	80.210785	975.055542
barcode
	1035.000000	61.000000	76.963326	941.733582
barcode
	1035.000000	56.000000	76.972176	951.885803
barcode
	1033.000000	80.000000	80.157234	903.380859
barcode
	1030.000000	80.000000	81.060669	901.792297
barcode
	1029.000000	75.000000	84.993477	914.290649
barcode
	1033.000000	40.000000	81.034615	984.107239
barcode, GG`
	1032.000000	49.000000	82.737350	968.411621
barcode
	1035.000000	60.000000	77.656891	942.488403
barcode
	1034.000000	57.000000	79.733192	950.342102
barcode
	1033.000000	79.000000	80.235565	904.663269
barcode
	1031.000000	76.000000	79.251472	908.634949
barcode
	1030.000000	76.000000	82.842232	912.637451
barcode
	1029.000000	40.000000	82.105446	980.962097
barcode
	1033.000000	39.000000	78.754433	986.035278
barcode, GG`
	1032.000000	50.000000	81.386360	967.228333
barcode
	1035.000000	59.000000	76.926437	945.995667
barcode
	1035.000000	64.000000	77.237045	935.506714
barcode
	1033.000000	81.000000	79.047440	902.941162
barcode, RR`
	1032.000000	29.000000	86.248749	1005.367493
barcode, GG`
	1034.000000	25.000000	77.407547	1018.907349
barcode, BB`
	1032.000000	87.000000	78.905121	887.350281
barcode
	1033.000000	44.000000	77.292091	976.146362
barcode, GG`
	1032.000000	47.000000	81.475708	970.518127
barcode
	1035.000000	62.000000	77.282120	937.517578
barcode
	1034.000000	64.000000	81.389343	935.230042
barcode
	1033.000000	79.000000	80.886108	904.288940
barcode
	1030.000000	75.000000	81.005035	908.804077
barcode
	1029.000000	76.000000	84.477264	913.551758
barcode
	1033.000000	47.000000	79.050072	968.746704
barcode, GG`
	1032.000000	51.000000	81.516365	962.685791
barcode
	1035.000000	64.000000	77.632309	933.597717
barcode
	1034.000000	62.000000	79.694580	939.402954
barcode
	1032.000000	78.000000	79.833015	906.271179
barcode
	1031.000000	73.000000	80.290474	914.330750
barcode
	1029.000000	78.000000	84.420876	908.734924
barcode
	1032.000000	51.000000	81.295967	960.684692
barcode, GG`
	1031.000000	57.000000	82.871857	952.895203
barcode
	1035.000000	69.000000	77.414238	924.383606
barcode
	1035.000000	65.000000	79.088150	933.965942
barcode
	1032.000000	83.000000	80.363312	895.456970
barcode
	1031.000000	78.000000	79.204010	905.808350
barcode
	1029.000000	80.000000	85.849983	904.643677
barcode
	1028.000000	46.000000	85.403969	968.800537
barcode
	1032.000000	47.000000	81.136436	969.205750
barcode, GG`
	1030.000000	56.000000	83.836349	953.784851
barcode
	1035.000000	62.000000	76.475006	937.755005
barcode
	1034.000000	64.000000	79.089867	935.651917
barcode
	1033.000000	77.000000	79.337051	907.764587
barcode, RR`
	1030.000000	23.000000	91.404854	1018.155457
barcode, GG`
	1029.000000	36.000000	81.301773	994.771912
barcode, BB`
	1031.000000	85.000000	77.912155	889.989136
barcode
	1032.000000	43.000000	77.652634	976.919678
barcode, GG`
	1030.000000	56.000000	86.261780	952.515381
barcode
	1035.000000	65.000000	79.545532	930.289856
barcode
	1035.000000	66.000000	81.022957	933.431458
barcode
	1033.000000	82.000000	80.328629	898.316650
barcode
	1031.000000	72.000000	80.958542	916.694214
barcode
	1029.000000	79.000000	86.991081	907.038757
barcode
	1031.000000	58.000000	83.564301	948.343384
barcode, GG`
	1030.000000	53.000000	85.644554	959.287964
barcode
	1034.000000	62.000000	78.909767	937.172058
barcode
	1035.000000	65.000000	80.498924	936.119263
barcode
	1033.000000	81.000000	79.067947	899.692139
barcode
	1032.000000	73.000000	79.677010	913.816406
barcode
	1030.000000	80.000000	85.469833	904.568054
barcode
	1031.000000	60.000000	81.772064	942.528992
barcode, GG`
	1029.000000	57.000000	86.142815	950.744690
barcode
	1035.000000	64.000000	77.529663	932.503906
barcode
	1035.000000	66.000000	78.353531	933.006958
barcode
	1033.000000	80.000000	78.452377	902.548889
barcode
	1030.000000	71.000000	79.042244	916.788635
barcode
	1031.000000	81.000000	80.922356	902.345032
barcode
	1028.000000	51.000000	85.779800	960.585388
barcode
	1031.000000	55.000000	78.910248	954.025330
barcode, GG`
	1028.000000	61.000000	84.256538	940.791321
barcode
	1035.000000	60.000000	77.543709	939.681641
barcode
	1034.000000	64.000000	80.520470	938.004028
barcode
	1033.000000	77.000000	78.930481	906.504822
barcode, RR`
	1028.000000	31.000000	94.807175	1000.841858
barcode, GG`
	1029.000000	42.000000	84.170029	980.614502
barcode, BB`
	1030.000000	80.000000	78.575294	899.538208
