barcode
	1029.000000	147.000000	56.846924	819.317017
barcode
	1028.000000	133.000000	59.462273	848.065002
barcode, RR`
	1029.000000	129.000000	56.146606	857.047485
barcode, GG`
	1030.000000	157.000000	57.123489	799.205200
barcode, BB`
	1028.000000	145.000000	58.087395	827.661682
barcode
	1028.000000	142.000000	56.756245	833.212830
barcode
	1029.000000	135.000000	55.864418	850.149536
barcode
	1030.000000	146.000000	56.461914	821.533142
barcode
	1028.000000	146.000000	57.079929	822.220886
barcode
	1028.000000	132.000000	57.611347	850.271362
barcode
	1031.000000	140.000000	55.905159	835.834900
barcode
	1032.000000	130.000000	55.384224	855.714661
barcode
	1029.000000	140.000000	58.973370	837.306274
barcode, G`B
	1028.000000	157.000000	55.714668	810.928467
barcode
	1030.000000	143.000000	55.683968	824.852722
barcode
	1029.000000	145.000000	55.894787	823.624939
barcode
	1028.000000	133.000000	57.437115	847.377991
barcode
	1031.000000	135.000000	54.815899	844.189575
barcode
	1033.000000	129.000000	54.637947	857.707397
barcode
	1028.000000	138.000000	56.733047	842.693726
barcode
	1029.000000	130.000000	56.829010	856.743713
barcode
	1031.000000	142.000000	55.122250	827.716919
barcode
	1028.000000	145.000000	56.712856	823.522339
barcode
	1028.000000	131.000000	57.395233	851.538696
barcode
	1031.000000	133.000000	54.891464	849.281128
barcode
	1032.000000	129.000000	55.504738	858.381409
barcode
	1030.000000	135.000000	58.817917	843.790344
barcode
	1028.000000	140.000000	56.920792	838.783264
barcode
	1022.000000	172.000000	65.383064	779.306946
barcode
	1030.000000	145.000000	55.701889	822.796631
barcode
	1029.000000	148.000000	57.073730	816.281921
barcode
	1029.000000	134.000000	57.247921	844.580139
barcode, RR`
	1028.000000	135.000000	56.393990	846.169373
barcode, GG`
	1030.000000	158.000000	56.639275	799.565002
barcode, BB`
	1028.000000	140.000000	56.488194	837.829895
barcode
	1030.000000	145.000000	56.713863	828.269409
barcode
	1028.000000	131.000000	57.053764	855.695618
barcode
	1030.000000	144.000000	55.406269	825.726562
barcode
	1028.000000	146.000000	56.695553	820.963074
barcode
	1028.000000	135.000000	57.766182	843.022888
barcode
	1030.000000	137.000000	55.737221	841.322144
barcode
	1031.000000	129.000000	56.283272	858.702148
barcode
	1028.000000	132.000000	57.423996	853.719727
barcode
	1022.000000	174.000000	64.803055	773.764954
barcode
	1031.000000	143.000000	55.692238	825.783569
barcode
	1029.000000	147.000000	58.060028	819.312805
barcode
	1029.000000	136.000000	58.132339	841.416748
barcode
	1030.000000	138.000000	56.159874	840.826538
barcode
	1032.000000	132.000000	56.362869	853.148315
barcode
	1029.000000	134.000000	57.148300	848.541504
barcode
	1029.000000	130.000000	57.475681	857.859192
barcode
	1030.000000	148.000000	56.794842	817.695618
barcode
	1028.000000	149.000000	58.537117	815.332764
barcode
	1028.000000	135.000000	56.863625	843.550720
barcode
	1030.000000	138.000000	56.180645	840.053406
barcode
	1031.000000	132.000000	56.313404	851.825073
barcode
	1030.000000	137.000000	58.824047	839.843201
barcode
	1029.000000	136.000000	56.955437	844.417053
barcode
	1021.000000	179.000000	67.083221	763.975159
barcode
	1031.000000	143.000000	55.403858	825.236755
barcode
	1028.000000	149.000000	58.201103	816.452881
barcode
	1028.000000	136.000000	57.769699	840.527710
barcode, RR`
	1027.000000	135.000000	57.071560	844.844055
barcode, GG`
	1030.000000	166.000000	57.708801	784.723145
barcode, BB`
	1029.000000	141.000000	56.669392	836.798279
barcode
	1030.000000	150.000000	57.179688	819.106506
barcode
	1022.000000	174.000000	65.107796	773.641907
barcode
	1030.000000	142.000000	55.783257	828.783447
barcode
	1029.000000	150.000000	58.371040	813.842224
barcode
	1029.000000	135.000000	57.880608	843.109741
barcode
	1030.000000	137.000000	56.227547	843.219116
barcode
	1031.000000	130.000000	56.672417	857.767029
barcode
	1029.000000	138.000000	57.140228	841.477722
barcode
	1022.000000	172.000000	65.676437	778.032166
barcode
	1031.000000	144.000000	56.265076	826.367920
barcode
	1029.000000	150.000000	58.685879	814.590393
barcode
	1029.000000	136.000000	57.600132	840.834290
barcode
	1030.000000	137.000000	56.237255	842.998535
barcode
	1031.000000	133.000000	56.936874	852.184326
barcode
	1030.000000	136.000000	57.255283	844.088257
barcode
	1029.000000	131.000000	57.061703	856.720520
barcode
	1031.000000	143.000000	55.391769	828.014954
barcode
	1028.000000	146.000000	57.868839	822.151611
barcode
	1030.000000	136.000000	55.971725	841.237000
barcode
	1031.000000	135.000000	55.840809	847.742249
barcode
	1030.000000	135.000000	57.064842	847.492676
barcode
	1030.000000	138.000000	59.142300	838.228455
barcode
	1030.000000	138.000000	57.066872	840.393311
barcode
	1024.000000	174.000000	59.446915	772.643555
barcode
	1028.000000	149.000000	56.038597	822.673584
barcode
	1030.000000	146.000000	55.480808	824.417236
barcode
	1030.000000	139.000000	55.113930	837.914917
barcode, X`R
	1033.000000	118.000000	50.042255	876.995972
barcode, R`G
	1033.000000	124.000000	54.436527	866.210693
barcode, G`B
	1028.000000	148.000000	56.013050	821.682983
barcode, B`X
	1033.000000	117.000000	51.557419	879.866821
barcode
	1027.000000	145.000000	58.007713	825.667664
barcode
	1029.000000	142.000000	56.510010	831.240662
barcode
	1030.000000	147.000000	55.388515	821.720825
barcode
	1030.000000	137.000000	54.239075	840.087646
barcode
	1030.000000	142.000000	53.654377	829.322449
barcode
	1029.000000	135.000000	55.913013	843.713745
barcode
	1027.000000	149.000000	58.023647	815.554932
barcode
	1029.000000	141.000000	55.469456	833.803894
barcode
	1030.000000	146.000000	54.932678	829.673401
barcode
	1031.000000	151.000000	56.283955	814.799988
barcode
	1030.000000	137.000000	54.120338	841.970459
barcode
	1030.000000	138.000000	54.677189	837.297729
barcode
	1029.000000	135.000000	55.744545	842.862854
barcode
	1027.000000	151.000000	58.367332	811.684937
barcode
	1028.000000	143.000000	57.759705	830.562378
barcode
	1029.000000	139.000000	56.801937	839.168152
barcode
	1031.000000	151.000000	55.669689	814.657593
barcode
	1030.000000	137.000000	54.050198	841.537292
barcode
	1029.000000	137.000000	54.411964	839.185608
barcode
	1029.000000	135.000000	55.755245	842.821167
barcode
	1027.000000	132.000000	57.320297	851.254456
barcode
	1025.000000	147.000000	59.819096	820.788330
barcode
	1031.000000	136.000000	55.554592	844.374878
barcode
	1029.000000	146.000000	55.195316	827.016235
barcode
	1030.000000	150.000000	56.683071	816.265625
barcode
	1029.000000	137.000000	54.366928	841.096436
barcode, X`R
	1034.000000	119.000000	48.403870	873.181030
barcode, R`G
	1032.000000	122.000000	54.087952	871.357727
barcode, G`B
	1029.000000	144.000000	54.683994	830.767029
barcode, B`X
	1032.000000	121.000000	51.866196	873.154480
barcode
	1027.000000	140.000000	57.698608	835.643494
barcode, G`B
	1032.000000	131.000000	53.187767	856.720520
barcode
	1029.000000	140.000000	56.017712	836.401855
barcode
	1030.000000	136.000000	54.213383	842.290222
barcode
	1030.000000	135.000000	53.788311	841.915161
barcode
	1029.000000	134.000000	55.799477	844.584961
barcode
	1027.000000	149.000000	57.194172	816.942566
barcode
	1029.000000	146.000000	55.546856	825.172852
barcode
	1029.000000	144.000000	54.714050	830.948181
barcode
	1030.000000	148.000000	56.520439	819.727051
barcode
	1030.000000	136.000000	53.925159	842.335327
barcode
	1030.000000	140.000000	54.747898	832.752991
barcode
	1029.000000	134.000000	55.275425	845.115417
barcode
	1027.000000	151.000000	57.826374	811.373596
barcode
	1028.000000	139.000000	57.515694	837.281250
barcode
	1030.000000	134.000000	55.845840	847.918945
barcode
	1030.000000	147.000000	56.809494	821.611938
barcode
	1030.000000	137.000000	54.293297	839.415222
barcode
	1030.000000	129.000000	54.029320	851.517700
barcode
	1029.000000	136.000000	55.870934	840.916260
barcode
	1028.000000	133.000000	56.711384	849.691956
barcode
	1025.000000	143.000000	58.431671	828.874512
barcode
	1028.000000	149.000000	56.348698	817.334351
barcode
	1030.000000	143.000000	54.162872	832.923340
barcode
	1030.000000	145.000000	56.675022	825.347351
barcode
	1030.000000	136.000000	54.221954	841.026428
barcode, X`R
	1033.000000	113.000000	48.327400	884.987610
barcode, R`G
	1032.000000	120.000000	53.588577	874.505066
barcode, G`B
	1029.000000	140.000000	53.599857	836.000305
barcode, B`X
	1031.000000	120.000000	53.153419	875.377991
barcode
	1028.000000	140.000000	57.666416	834.877747
barcode
	1030.000000	139.000000	55.628769	838.304993
barcode
	1030.000000	147.000000	57.012764	820.859680
barcode
	1029.000000	137.000000	54.359650	840.254639
barcode
	1029.000000	134.000000	54.479946	842.894470
barcode
	1028.000000	136.000000	56.289883	839.804199
barcode
	1027.000000	150.000000	57.571129	813.531311
barcode
	1029.000000	153.000000	56.474537	809.882996
barcode
	1031.000000	145.000000	54.415661	827.644897
barcode
	1030.000000	148.000000	57.096706	820.392395
barcode
	1030.000000	136.000000	54.243267	841.793945
barcode
	1030.000000	139.000000	54.651001	834.279297
barcode
	1029.000000	136.000000	55.814644	840.386841
barcode
	1027.000000	150.000000	56.912861	813.826599
barcode
	1028.000000	139.000000	57.303616	837.318970
barcode
	1031.000000	136.000000	55.266331	843.919067
barcode
	1030.000000	145.000000	57.137730	824.439636
barcode
	1030.000000	135.000000	53.901131	844.451904
barcode
	1030.000000	140.000000	54.774918	832.425842
barcode
	1029.000000	134.000000	55.812416	844.864258
barcode
	1028.000000	136.000000	57.331852	843.562500
barcode
	1026.000000	144.000000	57.790985	827.879333
barcode
	1030.000000	138.000000	55.678886	837.318665
barcode
	1031.000000	151.000000	55.186634	817.787659
barcode
	1029.000000	145.000000	57.218342	825.399719
barcode
	1029.000000	134.000000	54.209789	845.455322
barcode, X`R
	1033.000000	118.000000	48.210190	877.266235
barcode, R`G
	1033.000000	122.000000	53.907818	871.399353
barcode, G`B
	1030.000000	136.000000	52.280052	845.715881
barcode, B`X
	1032.000000	117.000000	52.978172	880.328796
barcode
	1028.000000	138.000000	57.340233	839.788025
barcode, G`B
	1033.000000	119.000000	52.063511	878.186768
barcode
	1029.000000	134.000000	54.914921	848.989197
barcode
	1030.000000	136.000000	53.917252	842.028625
barcode
	1031.000000	139.000000	54.292065	832.849182
barcode
	1029.000000	136.000000	55.912369	840.730469
barcode
	1027.000000	152.000000	57.131992	809.924316
barcode
	1030.000000	157.000000	56.116043	802.491699
barcode
	1031.000000	146.000000	54.562435	827.523621
barcode
	1030.000000	143.000000	57.138710	829.513000
barcode
	1030.000000	136.000000	54.188210	841.296265
barcode
	1030.000000	136.000000	54.990952	840.197510
barcode
	1029.000000	135.000000	55.921417	843.718079
barcode
	1027.000000	150.000000	56.992939	811.832397
barcode
	1027.000000	138.000000	58.128616	838.443359
barcode
	1030.000000	139.000000	55.850441	838.267944
barcode
	1030.000000	143.000000	57.234108	830.485413
barcode
	1029.000000	135.000000	54.121029	843.069275
barcode
	1030.000000	138.000000	54.575283	835.288879
barcode
	1029.000000	135.000000	55.676483	842.011536
barcode
	1028.000000	142.000000	57.996857	832.825195
barcode
	1027.000000	142.000000	57.442104	829.992798
barcode
	1030.000000	153.000000	56.201851	810.341248
barcode
	1031.000000	144.000000	54.309673	831.985962
barcode
	1029.000000	141.000000	57.181812	834.534241
barcode
	1030.000000	136.000000	53.849041	841.303528
barcode, X`R
	1034.000000	116.000000	47.529991	878.842529
barcode, R`G
	1033.000000	124.000000	53.576241	866.452148
barcode, G`B
	1030.000000	126.000000	52.375523	863.864807
barcode, B`X
	1032.000000	120.000000	52.930851	873.467712
barcode
	1028.000000	140.000000	58.277081	834.688965
barcode
	1030.000000	140.000000	55.596401	835.834839
barcode
	1029.000000	146.000000	57.605705	824.860718
barcode
	1029.000000	135.000000	54.288143	842.803467
barcode
	1032.000000	138.000000	54.288197	837.585022
barcode
	1029.000000	135.000000	56.249268	844.223938
barcode
	1028.000000	152.000000	57.657234	809.374573
barcode
	1030.000000	159.000000	56.495594	800.219421
barcode
	1031.000000	150.000000	55.082779	821.602905
barcode
	1029.000000	141.000000	57.242424	833.838806
barcode
	1029.000000	137.000000	54.734814	840.606689
barcode
	1031.000000	133.000000	54.829506	844.984680
barcode
	1030.000000	134.000000	55.816956	845.325134
barcode
	1028.000000	150.000000	57.590080	814.091797
barcode
	1029.000000	139.000000	57.648994	837.976013
barcode
	1030.000000	141.000000	56.004791	833.960083
barcode
	1029.000000	141.000000	56.837696	832.758850
barcode
	1029.000000	137.000000	54.511692	839.312073
barcode
	1031.000000	134.000000	53.677662	843.863403
barcode
	1030.000000	130.000000	54.841640	853.812927
barcode
	1027.000000	142.000000	57.149540	831.408142
barcode
	1029.000000	139.000000	56.872608	838.111694
barcode
	1030.000000	156.000000	56.347393	803.479736
barcode
	1030.000000	151.000000	55.109997	819.072083
barcode
	1030.000000	142.000000	56.697647	832.022644
barcode
	1029.000000	134.000000	53.921337	845.468262
barcode, X`R
	1034.000000	118.000000	48.636353	876.845337
barcode, R`G
	1033.000000	121.000000	53.979080	871.903748
barcode, G`B
	1030.000000	121.000000	51.247612	873.149597
barcode, B`X
	1033.000000	116.000000	52.278114	883.003479
barcode
	1029.000000	138.000000	57.442989	839.573669
barcode
	1030.000000	143.000000	55.644833	829.322937
barcode
	1033.000000	124.000000	49.460846	865.554260
barcode, RR`
	1031.000000	158.000000	55.160770	799.593445
barcode
	1032.000000	130.000000	53.494064	852.630615
barcode
	1029.000000	132.000000	55.587616	848.623047
barcode
	1028.000000	148.000000	56.284016	816.461487
barcode
	1030.000000	160.000000	56.316360	797.727844
barcode
	1030.000000	148.000000	54.716000	825.786316
barcode
	1029.000000	140.000000	56.390038	835.375977
barcode
	1030.000000	134.000000	53.978680	846.112000
barcode
	1031.000000	130.000000	53.508205	854.236023
barcode
	1030.000000	131.000000	55.601357	851.937744
barcode
	1028.000000	149.000000	56.712582	814.132385
barcode
	1029.000000	137.000000	57.393181	842.262878
barcode
	1031.000000	143.000000	55.669014	830.805115
barcode
	1029.000000	137.000000	56.167404	841.255676
barcode
	1029.000000	133.000000	53.789402	846.528870
barcode
	1031.000000	128.000000	54.169479	856.827332
barcode
	1030.000000	129.000000	55.384190	856.547729
barcode
	1028.000000	143.000000	56.599102	829.229004
barcode
	1030.000000	139.000000	55.840500	836.485901
barcode
	1030.000000	157.000000	56.492699	802.755188
barcode
	1031.000000	150.000000	55.114090	820.619629
barcode
	1029.000000	134.000000	56.129974	847.590759
barcode
	1029.000000	131.000000	54.077244	849.178894
barcode, X`R
	1033.000000	122.000000	49.230469	869.292053
barcode, R`G
	1034.000000	125.000000	53.555969	864.627014
barcode, G`B
	1030.000000	117.000000	51.238548	881.392578
barcode, B`X
	1033.000000	119.000000	52.147621	876.536926
barcode
	1029.000000	136.000000	57.206905	843.077087
barcode
	1030.000000	140.000000	55.347546	835.578125
barcode
	1029.000000	137.000000	56.212273	841.239502
barcode
	1029.000000	131.000000	53.720577	849.623352
barcode
	1031.000000	129.000000	53.242348	854.754456
barcode
	1029.000000	130.000000	55.612526	853.271729
barcode
	1029.000000	145.000000	55.358826	822.528137
barcode
	1030.000000	160.000000	56.436527	796.659424
barcode
	1030.000000	151.000000	54.647350	818.936829
barcode
	1029.000000	131.000000	55.669128	853.450012
barcode
	1029.000000	132.000000	54.669983	847.356873
barcode
	1031.000000	129.000000	53.355476	853.183960
barcode
	1029.000000	130.000000	55.803757	853.535217
barcode
	1028.000000	146.000000	56.526382	820.834045
barcode
	1028.000000	139.000000	57.902126	837.782532
barcode
	1030.000000	141.000000	55.134094	834.945923
barcode
	1028.000000	129.000000	55.610397	857.172058
barcode
	1029.000000	132.000000	54.808025	848.989014
barcode
	1032.000000	127.000000	53.020699	857.581055
barcode
	1029.000000	126.000000	55.590546	861.415833
barcode
	1027.000000	145.000000	56.975677	824.999207
barcode
	1031.000000	140.000000	56.927067	833.891785
barcode
	1030.000000	155.000000	56.332901	806.264587
barcode
	1031.000000	149.000000	55.517281	823.033447
barcode
	1029.000000	134.000000	56.012569	846.044434
barcode
	1029.000000	133.000000	54.039711	845.877930
barcode, X`R
	1034.000000	118.000000	47.849911	876.139526
barcode, R`G
	1033.000000	127.000000	54.245178	858.418030
barcode, G`B
	1031.000000	123.000000	51.436127	870.685669
barcode, B`X
	1032.000000	117.000000	53.176071	881.661987
barcode
	1029.000000	135.000000	57.165108	845.130920
barcode
	1030.000000	138.000000	55.386314	840.116272
barcode
	1029.000000	131.000000	55.389645	853.218323
barcode
	1031.000000	133.000000	51.143646	848.158020
barcode, X`R
	1032.000000	128.000000	48.944313	855.085938
barcode
	1029.000000	129.000000	55.373314	857.459534
barcode
	1028.000000	144.000000	55.265022	824.992371
barcode
	1030.000000	157.000000	57.057236	803.104492
barcode
	1030.000000	151.000000	55.360935	820.210022
barcode
	1029.000000	134.000000	55.987957	847.583496
barcode
	1029.000000	133.000000	53.524143	846.764648
barcode
	1032.000000	123.000000	52.416798	864.890625
barcode
	1030.000000	126.000000	55.587399	861.035278
barcode
	1028.000000	147.000000	55.065170	819.266602
barcode
	1029.000000	133.000000	56.929489	847.330078
barcode
	1032.000000	138.000000	54.323395	840.004150
barcode
	1029.000000	131.000000	55.928284	852.415161
barcode
	1029.000000	132.000000	53.650856	847.999817
barcode
	1032.000000	128.000000	52.338013	854.538696
barcode
	1029.000000	124.000000	55.379517	865.947205
barcode
	1027.000000	141.000000	55.722649	830.480103
barcode
	1032.000000	142.000000	56.706135	831.121704
barcode
	1029.000000	155.000000	57.047272	805.321533
barcode
	1030.000000	147.000000	55.354462	827.416626
barcode
	1029.000000	132.000000	55.952023	850.570618
barcode
	1029.000000	133.000000	53.532158	847.320923
barcode, X`R
	1034.000000	116.000000	47.797775	877.404846
barcode, R`G
	1033.000000	127.000000	53.848759	858.384277
barcode, G`B
	1032.000000	114.000000	50.460106	887.009216
barcode, B`X
	1033.000000	124.000000	51.599705	865.296021
barcode
	1030.000000	133.000000	56.367580	847.882996
barcode
	1032.000000	139.000000	54.158516	837.560120
barcode
	1029.000000	134.000000	55.921673	846.555237
barcode
	1029.000000	133.000000	53.565933	847.236084
barcode
	1033.000000	130.000000	52.556194	850.032104
barcode
	1029.000000	130.000000	55.780758	854.723267
barcode
	1028.000000	147.000000	54.589573	818.800171
barcode
	1030.000000	153.000000	56.238258	809.658813
barcode
	1031.000000	148.000000	54.710915	825.322449
barcode
	1029.000000	131.000000	55.311829	852.518738
barcode
	1029.000000	132.000000	53.540615	847.275879
barcode
	1032.000000	132.000000	53.108932	845.473267
barcode
	1029.000000	132.000000	55.982422	851.170471
barcode
	1029.000000	143.000000	54.216469	827.012878
barcode
	1030.000000	133.000000	56.406342	848.355164
barcode
	1031.000000	140.000000	54.791859	836.535828
barcode
	1029.000000	133.000000	55.384884	848.327576
barcode
	1029.000000	134.000000	53.420113	845.673950
barcode
	1032.000000	135.000000	52.451218	841.922913
barcode
	1029.000000	131.000000	55.926640	854.333801
barcode
	1027.000000	145.000000	55.582970	822.868958
barcode
	1032.000000	138.000000	55.987801	838.285095
barcode
	1030.000000	150.000000	56.254322	815.351196
barcode
	1029.000000	143.000000	54.895405	834.157410
barcode
	1029.000000	133.000000	55.406086	847.219910
barcode
	1029.000000	132.000000	53.683674	848.003357
