barcode, GG`
	1185.000000	38.000000	90.289017	972.014160
barcode
	1183.000000	41.000000	92.524330	956.661133
barcode
	1185.000000	50.000000	93.766983	936.118713
barcode
	1184.000000	53.000000	87.599174	933.228271
barcode
	1184.000000	52.000000	90.653801	938.743591
barcode
	1188.000000	41.000000	87.231857	956.900940
barcode
	1187.000000	45.000000	85.514420	951.474182
barcode
	1186.000000	49.000000	88.356407	938.037964
barcode, RR`
	1186.000000	24.000000	91.434135	988.271973
barcode, B`X
	1190.000000	62.000000	81.426743	908.624817
barcode
	1183.000000	50.000000	89.153603	937.456665
barcode
	1184.000000	51.000000	92.095535	940.973999
barcode
	1183.000000	24.000000	92.876511	990.644409
barcode
	1188.000000	42.000000	87.935898	955.233826
barcode, R`G
	1190.000000	35.000000	86.596230	974.961426
barcode, GG`
	1186.000000	36.000000	88.861755	977.243958
barcode
	1183.000000	41.000000	91.947639	956.840332
barcode
	1185.000000	42.000000	94.746582	952.541809
barcode, RR`
	1184.000000	30.000000	94.955284	978.227417
barcode, GG`
	1186.000000	35.000000	88.224800	976.969360
barcode, BB`
	1184.000000	52.000000	94.210365	935.630188
barcode
	1188.000000	41.000000	87.630112	959.637817
barcode
	1187.000000	45.000000	87.506836	949.041260
barcode
	1186.000000	46.000000	87.943848	943.956787
barcode
	1182.000000	39.000000	93.641197	959.574280
barcode
	1184.000000	42.000000	98.099426	952.289856
barcode
	1184.000000	44.000000	90.605392	949.767517
barcode
	1182.000000	50.000000	95.014893	943.606750
barcode
	1187.000000	11.000000	87.454010	1020.919495
barcode, R`G
	1189.000000	38.000000	88.367485	967.113586
barcode
	1190.000000	41.000000	78.102928	956.217102
barcode
	1186.000000	36.000000	83.816696	963.724670
barcode
	1188.000000	40.000000	83.535355	956.208679
barcode
	1186.000000	27.000000	86.100761	984.340576
barcode
	1189.000000	35.000000	82.180122	966.724609
barcode
	1183.000000	46.000000	92.002068	947.695740
barcode, R`G
	1190.000000	35.000000	87.404060	973.218567
barcode
	1190.000000	43.000000	78.809647	952.103088
barcode
	1192.000000	21.000000	73.955124	994.889465
barcode, RR`
	1187.000000	36.000000	93.561394	964.613098
barcode
	1187.000000	27.000000	82.547958	984.538330
barcode
	1189.000000	35.000000	81.400719	966.320068
barcode
	1187.000000	55.000000	82.373489	926.632202
barcode
	1184.000000	52.000000	87.145248	930.841125
barcode
	1187.000000	58.000000	80.479858	925.865662
barcode
	1191.000000	48.000000	74.571205	944.768738
barcode
	1187.000000	36.000000	82.478317	963.655762
barcode
	1189.000000	41.000000	82.322678	954.910461
barcode, X`R
	1197.000000	14.000000	75.500397	1010.055542
barcode, R`G
	1194.000000	21.000000	85.486313	989.633850
barcode, R`G
	1189.000000	44.000000	81.127655	973.343750
barcode
	1186.000000	55.000000	87.662224	936.988464
barcode, B`X
	1192.000000	56.000000	77.218277	920.647705
barcode
	1190.000000	51.000000	80.117821	937.406616
barcode
	1190.000000	42.000000	78.540047	954.837769
barcode
	1186.000000	34.000000	84.413284	966.908752
barcode
	1188.000000	42.000000	83.015030	953.661499
barcode
	1187.000000	35.000000	83.245903	969.700134
barcode
	1189.000000	33.000000	81.611572	971.381775
barcode
	1185.000000	33.000000	82.734055	967.857422
barcode
	1190.000000	51.000000	88.044632	942.013306
barcode
	1185.000000	41.000000	91.904144	954.277283
barcode
	1185.000000	34.000000	94.541801	969.779541
barcode
	1187.000000	45.000000	97.318245	946.094055
barcode
	1184.000000	40.000000	90.777031	956.079346
barcode
	1182.000000	54.000000	93.625359	935.029541
barcode
	1191.000000	41.000000	87.096008	956.833008
barcode
	1188.000000	48.000000	86.142258	944.984619
barcode
	1186.000000	42.000000	87.922699	952.516846
barcode
	1191.000000	15.000000	72.409317	1004.278198
barcode
	1186.000000	49.000000	95.350029	938.532593
barcode
	1185.000000	40.000000	90.714844	956.402222
barcode
	1182.000000	56.000000	91.717842	929.220764
barcode, R`G
	1187.000000	40.000000	94.494499	970.283020
barcode
	1183.000000	43.000000	88.109543	954.006348
barcode
	1190.000000	52.000000	80.159767	936.552307
barcode
	1190.000000	37.000000	78.218185	963.639771
barcode
	1186.000000	37.000000	84.572067	961.114441
barcode
	1188.000000	42.000000	83.965431	952.370789
barcode, X`R
	1197.000000	19.000000	74.687088	998.867432
barcode, R`G
	1195.000000	26.000000	83.688019	979.861633
barcode, G`B
	1190.000000	37.000000	74.265747	968.991760
barcode, B`X
	1192.000000	51.000000	76.930763	928.603271
barcode
	1187.000000	57.000000	83.794487	929.356995
barcode
	1184.000000	52.000000	87.761902	930.456787
barcode
	1186.000000	39.000000	86.059875	957.356262
barcode
	1188.000000	39.000000	85.466446	957.772095
barcode
	1187.000000	17.000000	81.678345	1004.829590
barcode
	1191.000000	69.000000	78.660469	907.769775
barcode, R`G
	1196.000000	16.000000	82.397255	1011.355408
barcode
	1190.000000	51.000000	79.828888	935.411133
barcode
	1190.000000	34.000000	76.990875	971.048462
barcode
	1185.000000	34.000000	83.355476	967.241699
barcode
	1187.000000	39.000000	85.237259	959.248535
barcode
	1188.000000	32.000000	82.463264	976.432007
barcode
	1191.000000	33.000000	79.211143	972.054382
barcode
	1185.000000	29.000000	81.261093	976.065735
barcode
	1189.000000	52.000000	80.592377	935.965393
barcode
	1189.000000	35.000000	79.889366	969.973450
barcode
	1186.000000	31.000000	83.871231	973.399841
barcode
	1188.000000	39.000000	84.747444	958.769592
barcode
	1189.000000	33.000000	80.982666	974.808533
barcode
	1190.000000	33.000000	77.996841	971.312317
barcode
	1193.000000	10.000000	69.372856	1015.393555
barcode, RR`
	1189.000000	25.000000	95.044502	990.709473
barcode
	1184.000000	46.000000	84.890503	946.546265
barcode
	1189.000000	52.000000	79.540268	936.694153
barcode, G`B
	1190.000000	47.000000	76.201088	942.333740
barcode
	1192.000000	21.000000	70.748512	994.967468
barcode
	1187.000000	51.000000	92.841293	935.239868
barcode, X`R
	1193.000000	0.000000	86.752846	1060.803955
barcode, R`G
	1196.000000	24.000000	79.710930	984.506165
barcode
	1193.000000	35.000000	83.266777	975.611389
barcode, B`X
	1192.000000	48.000000	76.198509	934.514282
barcode
	1189.000000	53.000000	80.193443	935.233704
barcode
	1189.000000	32.000000	78.491219	975.031311
barcode
	1186.000000	33.000000	83.638725	968.004883
barcode
	1187.000000	40.000000	86.566025	955.413513
barcode
	1189.000000	54.000000	83.792923	935.289368
barcode
	1186.000000	55.000000	85.909798	928.941284
barcode
	1181.000000	53.000000	95.084068	934.399048
barcode
	1192.000000	42.000000	85.126823	954.109436
barcode
	1190.000000	50.000000	84.309944	936.620544
barcode
	1187.000000	37.000000	87.174896	962.469971
barcode
	1185.000000	40.000000	88.313995	957.380676
barcode
	1187.000000	51.000000	94.078957	934.060242
barcode
	1185.000000	45.000000	92.772034	948.518738
barcode
	1183.000000	50.000000	92.555717	938.822327
barcode
	1192.000000	42.000000	83.678650	952.639099
barcode
	1190.000000	51.000000	83.362213	933.572571
barcode
	1187.000000	34.000000	86.222404	967.859680
barcode, R`G
	1193.000000	39.000000	77.430496	953.648621
barcode
	1187.000000	41.000000	82.259277	963.157043
barcode
	1179.000000	69.000000	100.368309	895.708740
barcode
	1190.000000	54.000000	80.905594	929.945984
barcode
	1181.000000	49.000000	98.052071	942.403503
barcode
	1182.000000	30.000000	88.682587	977.437683
barcode
	1188.000000	55.000000	82.598160	929.269470
barcode, G`B
	1192.000000	40.000000	74.652359	958.692932
barcode
	1185.000000	41.000000	85.969009	954.530396
barcode, X`R
	1199.000000	0.000000	75.243408	1076.640015
barcode
	1188.000000	49.000000	93.772285	939.333008
barcode, RR`
	1189.000000	17.000000	97.413422	1006.507812
barcode, GG`
	1189.000000	26.000000	90.715141	993.375549
barcode, BB`
	1189.000000	48.000000	89.430283	942.553040
barcode
	1191.000000	33.000000	80.038872	972.873230
barcode
	1191.000000	50.000000	83.000824	937.074219
barcode
	1188.000000	34.000000	84.710304	967.621948
barcode
	1185.000000	45.000000	90.622520	946.373962
barcode
	1188.000000	58.000000	79.171562	926.540588
barcode
	1187.000000	24.000000	80.988091	987.438354
barcode
	1190.000000	20.000000	74.616341	995.257446
barcode
	1186.000000	39.000000	78.923241	956.517456
barcode
	1188.000000	54.000000	81.687088	930.375488
barcode
	1188.000000	32.000000	80.941025	976.458679
barcode
	1185.000000	36.000000	85.626747	963.526184
barcode
	1188.000000	44.000000	86.626862	948.363403
barcode
	1189.000000	38.000000	79.705414	965.573425
barcode
	1191.000000	43.000000	77.930878	951.907776
barcode
	1186.000000	36.000000	81.112915	963.795898
barcode
	1188.000000	55.000000	82.569572	929.765991
barcode
	1188.000000	29.000000	82.181862	983.060852
barcode
	1185.000000	38.000000	85.107346	960.762207
barcode
	1187.000000	49.000000	87.576370	938.501831
barcode, B`X
	1192.000000	66.000000	81.133080	900.602356
barcode
	1190.000000	63.000000	78.469521	913.402466
barcode
	1184.000000	44.000000	85.477730	948.510620
barcode
	1184.000000	54.000000	85.176537	929.839722
barcode
	1189.000000	53.000000	81.663811	933.465088
barcode, GG`
	1192.000000	50.000000	83.350060	939.816162
barcode, R`G
	1196.000000	26.000000	79.115532	984.179321
barcode
	1191.000000	27.000000	77.844452	980.964355
barcode, BB`
	1186.000000	43.000000	92.711334	950.618225
barcode, X`R
	1192.000000	0.000000	87.400352	1064.990479
barcode
	1188.000000	34.000000	85.208389	968.233398
barcode
	1189.000000	33.000000	74.258560	971.156616
barcode
	1190.000000	26.000000	79.542442	989.095398
barcode
	1191.000000	53.000000	84.727081	928.739136
barcode
	1184.000000	48.000000	87.187866	937.448730
barcode
	1193.000000	32.000000	77.337608	968.610413
barcode
	1187.000000	48.000000	87.754456	939.678406
barcode
	1189.000000	41.000000	81.091324	959.862610
barcode
	1190.000000	43.000000	78.884102	952.173401
barcode
	1184.000000	33.000000	82.254311	968.030457
barcode
	1188.000000	55.000000	82.872063	929.547302
barcode
	1187.000000	33.000000	83.059662	973.664429
barcode
	1185.000000	38.000000	86.509857	959.177368
barcode
	1187.000000	55.000000	88.638832	925.635132
barcode
	1188.000000	42.000000	81.837051	957.504089
barcode
	1190.000000	43.000000	78.529106	952.919312
barcode
	1184.000000	35.000000	82.658768	965.306091
barcode
	1189.000000	52.000000	82.828972	934.818909
barcode
	1187.000000	32.000000	83.299561	975.140076
barcode
	1185.000000	38.000000	85.874931	961.335022
barcode
	1199.000000	0.000000	73.500305	1033.030762
barcode, X`R
	1193.000000	22.000000	76.916313	997.263062
barcode
	1190.000000	40.000000	78.747284	957.410461
barcode
	1183.000000	39.000000	87.097916	958.270203
barcode
	1185.000000	52.000000	85.893547	933.242432
barcode
	1189.000000	53.000000	82.956238	931.922058
barcode
	1187.000000	32.000000	83.931694	972.981323
barcode
	1185.000000	34.000000	86.684242	968.532715
barcode
	1187.000000	49.000000	87.580780	937.917847
barcode, X`R
	1197.000000	30.000000	72.218300	973.638672
barcode, R`G
	1193.000000	24.000000	80.860191	983.936218
barcode, G`B
	1190.000000	25.000000	72.980659	989.729065
barcode, B`X
	1192.000000	49.000000	77.667984	934.320618
barcode
	1188.000000	53.000000	84.021980	931.758057
barcode, R`G
	1189.000000	33.000000	84.378212	993.623535
barcode, G`B
	1188.000000	25.000000	78.369614	987.546875
barcode
	1186.000000	52.000000	86.296730	931.948364
barcode
	1188.000000	60.000000	89.709663	915.878479
barcode
	1184.000000	45.000000	90.154312	944.711487
barcode
	1183.000000	51.000000	93.219002	935.895996
barcode
	1190.000000	41.000000	81.644440	955.285095
barcode
	1190.000000	49.000000	85.059937	934.489075
barcode, R`G
	1195.000000	27.000000	79.848137	981.378052
barcode
	1183.000000	34.000000	85.424225	968.548401
barcode
	1187.000000	57.000000	82.727043	929.736389
barcode
	1186.000000	57.000000	81.479141	921.603699
barcode
	1183.000000	48.000000	89.853813	942.193420
barcode
	1190.000000	39.000000	82.018936	957.833862
barcode
	1190.000000	50.000000	83.204216	931.161743
barcode, R`G
	1198.000000	39.000000	77.983177	959.978882
barcode, R`G
	1189.000000	27.000000	83.147484	982.311096
barcode, BB`
	1185.000000	69.000000	90.813972	899.289612
barcode
	1183.000000	45.000000	90.751038	944.130432
barcode
	1183.000000	52.000000	92.515862	935.192566
barcode
	1183.000000	40.000000	99.969673	958.862427
barcode
	1190.000000	41.000000	81.525093	954.433044
barcode
	1191.000000	47.000000	81.079269	938.676697
barcode
	1186.000000	39.000000	85.367035	957.369019
barcode
	1192.000000	30.000000	77.302025	971.822937
barcode
	1197.000000	13.000000	74.451767	1010.145508
barcode, X`R, B`X
	1193.000000	49.000000	81.894501	938.963440
barcode, R`G
	1193.000000	25.000000	81.211136	984.728394
barcode, G`B
	1189.000000	26.000000	73.556999	987.297241
barcode, B`X
	1192.000000	50.000000	77.407211	934.263306
barcode
	1189.000000	49.000000	82.151665	940.677551
barcode, G`B
	1193.000000	37.000000	72.362801	963.129028
barcode
	1184.000000	38.000000	81.746254	962.720520
barcode
	1189.000000	48.000000	86.363121	938.791077
barcode, X`R
	1188.000000	39.000000	80.507675	962.526001
barcode
	1189.000000	44.000000	78.554604	948.719482
barcode
	1186.000000	43.000000	79.642517	950.204468
barcode
	1188.000000	52.000000	82.671234	934.580322
barcode
	1186.000000	34.000000	82.041084	967.522461
barcode
	1185.000000	35.000000	85.182472	964.860596
barcode
	1189.000000	48.000000	87.217194	937.615601
barcode, X`R
	1187.000000	43.000000	81.606949	953.417969
barcode
	1190.000000	46.000000	78.794960	947.044678
barcode
	1187.000000	46.000000	80.600273	944.509460
barcode
	1189.000000	52.000000	83.086517	933.918945
barcode, R`G
	1189.000000	23.000000	82.744507	1012.253113
barcode, G`B
	1189.000000	29.000000	78.171539	979.446106
barcode
	1186.000000	49.000000	84.330475	936.697388
barcode
	1188.000000	60.000000	87.394035	914.872253
barcode
	1184.000000	40.000000	87.168938	952.468079
barcode
	1185.000000	44.000000	88.848267	948.799988
barcode, X`R
	1195.000000	10.000000	77.594162	1014.109253
barcode
	1188.000000	56.000000	79.247353	929.809631
barcode, R`G
	1195.000000	29.000000	78.748337	986.348267
barcode, G`B
	1188.000000	33.000000	79.528328	970.537415
barcode
	1187.000000	48.000000	84.421844	939.615784
barcode
	1188.000000	57.000000	85.001076	921.891907
barcode, RR`
	1192.000000	7.000000	91.709862	1022.677734
barcode, GG`
	1191.000000	19.000000	95.109550	998.299377
barcode, BB`
	1189.000000	56.000000	82.517181	923.493042
barcode, B`X
	1189.000000	21.000000	80.375206	997.293396
barcode
	1191.000000	37.000000	79.796631	965.790710
barcode, GG`
	1190.000000	26.000000	91.424232	990.936279
barcode
	1186.000000	45.000000	83.897194	944.307129
barcode
	1189.000000	58.000000	86.062660	918.200867
barcode
	1184.000000	40.000000	86.899742	952.581543
barcode
	1185.000000	44.000000	89.573395	947.096558
barcode
	1188.000000	36.000000	81.440186	965.400452
barcode
	1190.000000	42.000000	79.418617	947.968018
barcode
	1187.000000	43.000000	83.516983	947.714233
barcode
	1186.000000	47.000000	83.769043	941.463074
barcode
	1188.000000	57.000000	84.298683	920.643066
barcode
	1184.000000	39.000000	85.766281	954.027161
barcode
	1185.000000	49.000000	88.807083	937.219666
barcode
	1188.000000	35.000000	82.261993	967.534058
barcode
	1191.000000	42.000000	78.418968	947.209839
barcode, R`G
	1199.000000	47.000000	74.179680	944.300049
barcode
	1184.000000	20.000000	85.851639	997.313416
barcode
	1188.000000	55.000000	85.046432	925.225159
barcode
	1184.000000	40.000000	87.071075	951.097778
barcode, R`G
	1191.000000	25.000000	85.069817	1003.160095
barcode
	1188.000000	41.000000	92.678459	956.143311
barcode
	1188.000000	35.000000	81.461571	968.394470
barcode
	1192.000000	44.000000	77.311539	951.545593
barcode, GG`
	1190.000000	28.000000	90.788338	984.992493
barcode
	1192.000000	35.000000	77.433289	960.918823
barcode
	1191.000000	49.000000	84.659241	935.155579
barcode, BB`
	1190.000000	56.000000	85.043152	925.136963
barcode, R`G
	1193.000000	40.000000	80.976883	953.866943
barcode, G`B
	1190.000000	25.000000	74.368019	987.024109
barcode
	1188.000000	73.000000	82.772270	889.644043
barcode, B`X
	1188.000000	26.000000	81.563690	986.018921
barcode
	1189.000000	35.000000	78.211647	960.875183
barcode
	1186.000000	46.000000	82.777855	941.943787
barcode
	1186.000000	46.000000	83.065224	943.873718
barcode
	1188.000000	57.000000	82.751900	922.116699
barcode
	1184.000000	40.000000	84.319931	952.701111
barcode, R`G
	1190.000000	44.000000	86.251961	969.413879
barcode, B`X
	1187.000000	12.000000	80.464699	1014.391235
barcode, R`G
	1191.000000	19.000000	85.274292	1017.256592
barcode, G`B
	1189.000000	40.000000	79.334000	956.509094
barcode, X`R
	1193.000000	0.000000	84.269958	1077.389282
barcode, X`R
	1191.000000	44.000000	78.370338	949.165039
barcode
	1186.000000	48.000000	79.348633	938.112366
barcode
	1191.000000	21.000000	76.517632	993.292236
barcode, B`X
	1188.000000	47.000000	83.615143	943.497192
barcode
	1192.000000	53.000000	76.181831	934.388672
barcode, GG`
	1189.000000	34.000000	89.015381	976.422974
barcode
	1186.000000	51.000000	82.062103	935.496216
barcode
	1188.000000	58.000000	80.998245	920.884338
barcode, G`B
	1191.000000	37.000000	72.022034	963.897705
barcode
	1190.000000	45.000000	80.360443	946.398865
barcode
	1185.000000	44.000000	81.437805	947.240417
barcode
	1186.000000	44.000000	83.383919	944.296448
barcode
	1188.000000	49.000000	83.166374	938.398254
barcode
	1185.000000	41.000000	82.115875	954.876587
barcode
	1185.000000	33.000000	82.746948	971.958984
barcode
	1191.000000	35.000000	83.573784	963.102051
barcode, X`R
	1195.000000	43.000000	75.266136	950.889954
barcode, R`G
	1193.000000	39.000000	78.669693	956.809753
barcode, G`B
	1189.000000	24.000000	75.058609	987.133545
barcode, B`X
	1191.000000	49.000000	80.014732	935.286133
barcode
	1188.000000	52.000000	84.512688	930.428711
barcode
	1186.000000	47.000000	83.026848	942.831421
barcode
	1185.000000	33.000000	82.863297	971.154602
barcode
	1190.000000	37.000000	83.348801	960.693176
barcode, X`R
	1193.000000	45.000000	76.304893	947.279236
barcode
	1191.000000	45.000000	79.884987	947.614990
barcode
	1194.000000	59.000000	75.459785	922.154785
barcode
	1189.000000	52.000000	82.804230	932.420898
barcode
	1186.000000	47.000000	82.724648	942.933899
barcode
	1185.000000	35.000000	82.578491	967.101379
barcode
	1190.000000	33.000000	83.189491	966.848145
barcode, X`R
	1194.000000	42.000000	75.241570	952.790039
barcode
	1190.000000	45.000000	80.377747	947.609558
barcode, G`B
	1189.000000	30.000000	76.741341	975.373291
barcode, X`R
	1197.000000	60.000000	78.640770	921.531128
barcode
	1189.000000	51.000000	81.869835	933.897217
barcode
	1186.000000	45.000000	81.832687	946.469299
barcode
	1185.000000	34.000000	80.635025	970.064514
barcode
	1191.000000	29.000000	80.195511	974.506836
barcode, X`R
	1194.000000	41.000000	74.502731	952.817810
barcode
	1191.000000	56.000000	78.026512	924.014465
barcode
	1188.000000	26.000000	88.057922	979.446716
barcode
	1186.000000	41.000000	85.455238	946.951416
barcode
	1189.000000	49.000000	82.522202	936.016357
barcode
	1187.000000	45.000000	80.338959	945.244324
barcode
	1186.000000	36.000000	79.320206	965.958313
barcode
	1194.000000	39.000000	72.516541	956.177124
barcode
	1190.000000	55.000000	78.634308	925.082153
barcode, X`R
	1193.000000	0.000000	85.411140	1045.364746
barcode, R`G
	1193.000000	42.000000	86.079811	951.820007
barcode, G`B
	1189.000000	27.000000	74.462029	980.601318
barcode, B`X
	1189.000000	58.000000	81.890472	915.302246
barcode
	1188.000000	34.000000	78.933640	966.427185
barcode
	1189.000000	53.000000	79.081360	930.882507
barcode
	1187.000000	52.000000	81.168304	930.339417
barcode
	1190.000000	57.000000	77.619003	922.038147
barcode
	1185.000000	44.000000	81.889992	945.699341
barcode
	1186.000000	46.000000	84.429497	942.393005
barcode
	1188.000000	32.000000	79.349014	972.537354
barcode
	1194.000000	61.000000	72.239288	917.957275
barcode
	1186.000000	52.000000	81.580589	934.052917
barcode
	1185.000000	34.000000	80.128815	970.146545
barcode
	1191.000000	31.000000	79.580917	971.775146
barcode, X`R
	1195.000000	52.000000	73.635544	932.775635
barcode
	1190.000000	43.000000	79.253639	951.330200
