barcode, X`R
	1027.000000	49.000000	81.988121	961.067078
barcode
	1037.000000	49.000000	74.181534	965.110413
barcode, GG`
	1029.000000	93.000000	83.507866	875.838806
barcode, B`X
	1032.000000	52.000000	75.068802	953.083252
barcode
	1034.000000	60.000000	77.852104	936.834106
barcode
	1032.000000	64.000000	79.628349	930.926819
barcode
	1033.000000	63.000000	75.743958	933.563538
barcode
	1031.000000	59.000000	75.356277	938.459045
barcode, X`R
	1028.000000	51.000000	81.486511	957.121887
barcode
	1031.000000	58.000000	83.710579	936.163147
barcode
	1036.000000	63.000000	73.184654	931.249268
barcode
	1033.000000	64.000000	79.953041	930.775818
barcode
	1031.000000	62.000000	80.790833	937.362244
barcode
	1033.000000	62.000000	77.157417	935.178040
barcode
	1031.000000	58.000000	76.876495	940.617371
barcode
	1029.000000	42.000000	80.330399	974.268616
barcode
	1031.000000	58.000000	82.439888	936.839111
barcode
	1036.000000	56.000000	74.189774	943.256897
barcode
	1033.000000	64.000000	80.004486	930.700806
barcode
	1031.000000	66.000000	80.270302	928.300537
barcode
	1034.000000	59.000000	77.493195	941.421265
barcode
	1031.000000	60.000000	76.953979	935.623474
barcode
	1030.000000	38.000000	80.656242	982.715820
barcode
	1031.000000	54.000000	83.915375	945.379517
barcode
	1037.000000	57.000000	75.019630	939.531128
barcode
	1036.000000	54.000000	75.348656	953.714233
barcode
	1033.000000	62.000000	79.295868	932.987793
barcode
	1030.000000	66.000000	81.383881	927.294189
barcode
	1033.000000	57.000000	78.042740	945.637756
barcode
	1030.000000	55.000000	76.191307	945.327698
barcode
	1030.000000	41.000000	78.850189	976.800659
barcode
	1036.000000	42.000000	76.948479	977.257690
barcode, GG`
	1030.000000	76.000000	87.149498	906.055481
barcode, BB`, B`X
	1031.000000	54.000000	76.292328	951.530273
barcode
	1034.000000	63.000000	77.028572	931.543091
barcode
	1031.000000	61.000000	79.861298	935.842896
barcode
	1033.000000	56.000000	75.298943	947.713440
barcode
	1030.000000	56.000000	76.897163	943.654785
barcode
	1030.000000	43.000000	78.719765	971.884033
barcode
	1031.000000	61.000000	81.422852	931.609863
barcode
	1037.000000	56.000000	71.864571	944.313232
barcode
	1033.000000	65.000000	79.691238	929.285461
barcode
	1025.000000	46.000000	90.589645	969.687744
barcode
	1034.000000	62.000000	75.742714	936.082092
barcode
	1030.000000	53.000000	77.375999	948.673279
barcode
	1030.000000	38.000000	78.476608	983.447144
barcode
	1031.000000	56.000000	82.803543	942.404053
barcode
	1038.000000	54.000000	71.407364	947.771423
barcode
	1033.000000	60.000000	78.893990	938.493408
barcode
	1029.000000	60.000000	83.782196	939.000549
barcode
	1032.000000	56.000000	78.405617	946.290527
barcode
	1030.000000	53.000000	77.179626	948.596191
barcode
	1029.000000	45.000000	79.327019	967.024048
barcode
	1031.000000	61.000000	81.458557	932.193970
barcode
	1038.000000	57.000000	70.344604	939.246033
barcode
	1036.000000	50.000000	73.001747	961.978699
barcode
	1033.000000	62.000000	80.967445	935.395264
barcode
	1030.000000	59.000000	81.075371	939.728027
barcode
	1032.000000	53.000000	77.703957	951.058777
barcode
	1031.000000	49.000000	76.669540	956.409485
barcode
	1029.000000	38.000000	79.489662	981.435608
barcode
	1034.000000	37.000000	76.756943	987.862305
barcode, GG`
	1030.000000	53.000000	87.009262	952.957336
barcode, BB`
	1027.000000	62.000000	79.251892	936.877991
barcode
	1033.000000	67.000000	81.393265	924.311707
barcode
	1029.000000	42.000000	83.883759	973.565979
barcode
	1032.000000	50.000000	78.732544	958.556885
barcode
	1031.000000	49.000000	77.162399	956.277710
barcode
	1029.000000	44.000000	79.830429	970.197449
barcode
	1032.000000	56.000000	79.253952	944.247314
barcode
	1038.000000	56.000000	71.731598	943.805115
barcode
	1034.000000	61.000000	79.414993	937.428162
barcode
	1025.000000	46.000000	92.041710	966.683472
barcode
	1033.000000	58.000000	78.232361	942.669861
barcode
	1032.000000	51.000000	76.727699	951.821960
barcode
	1030.000000	40.000000	78.976875	976.795166
barcode
	1032.000000	57.000000	78.372063	942.026733
barcode
	1038.000000	54.000000	71.210693	950.087036
barcode
	1033.000000	63.000000	79.592056	933.597534
barcode
	1030.000000	41.000000	83.371552	976.481873
barcode
	1032.000000	53.000000	79.065414	951.938782
barcode
	1032.000000	49.000000	75.810310	955.374695
barcode
	1030.000000	40.000000	78.444046	977.528381
barcode
	1033.000000	58.000000	77.524811	940.979065
barcode
	1038.000000	58.000000	70.810997	937.979309
barcode
	1037.000000	50.000000	74.086235	961.856140
barcode
	1034.000000	63.000000	77.268845	934.765259
barcode
	1031.000000	44.000000	82.456802	970.338562
barcode
	1030.000000	51.000000	81.565178	954.571533
barcode
	1030.000000	48.000000	78.562485	957.338745
barcode
	1029.000000	44.000000	80.044243	970.108948
barcode, RR`
	1034.000000	40.000000	77.438522	982.646240
barcode, GG`
	1029.000000	43.000000	89.842056	975.486938
barcode, BB`
	1026.000000	78.000000	84.310944	904.048584
barcode
	1033.000000	77.000000	82.012100	909.752502
barcode
	1029.000000	43.000000	86.723038	972.042786
barcode
	1030.000000	50.000000	82.916481	958.386902
barcode
	1031.000000	50.000000	80.242348	954.823730
barcode
	1029.000000	52.000000	81.178909	954.708435
barcode
	1032.000000	60.000000	79.773758	937.916199
barcode
	1038.000000	60.000000	70.464317	936.292725
barcode
	1033.000000	68.000000	81.081673	924.974060
barcode
	1028.000000	44.000000	85.843025	970.066772
barcode
	1030.000000	49.000000	81.669014	958.883057
barcode
	1031.000000	50.000000	78.016991	955.010376
barcode
	1029.000000	55.000000	79.654190	948.320862
barcode
	1032.000000	60.000000	79.960312	938.679626
barcode
	1038.000000	60.000000	71.270767	937.132874
barcode
	1033.000000	71.000000	79.386551	919.785339
barcode
	1029.000000	45.000000	84.218857	969.694702
barcode
	1030.000000	54.000000	81.248924	948.918640
barcode
	1031.000000	54.000000	79.024994	947.695068
barcode
	1029.000000	59.000000	79.185387	941.395874
barcode
	1032.000000	59.000000	79.028976	942.735168
barcode
	1038.000000	58.000000	70.328156	941.739014
barcode
	1035.000000	50.000000	74.677864	959.684265
barcode
	1033.000000	70.000000	79.773102	921.989807
barcode
	1028.000000	50.000000	86.116623	962.243347
barcode
	1029.000000	58.000000	83.787750	940.222412
barcode
	1030.000000	53.000000	81.642799	949.341858
barcode
	1029.000000	59.000000	79.897957	940.269653
barcode, RR`
	1034.000000	45.000000	74.284523	972.028015
barcode, GG`
	1028.000000	49.000000	86.970161	964.492432
barcode, BB`
	1026.000000	71.000000	82.339897	914.854736
barcode
	1032.000000	79.000000	81.421471	906.102478
barcode, GG`
	1028.000000	58.000000	85.573067	944.998901
barcode
	1029.000000	53.000000	84.327827	951.087524
barcode
	1030.000000	55.000000	81.487305	945.512268
barcode
	1029.000000	63.000000	80.091179	932.573975
barcode
	1032.000000	56.000000	78.484802	946.771484
barcode
	1037.000000	60.000000	71.923447	938.279907
barcode
	1033.000000	71.000000	78.681526	921.939758
barcode
	1025.000000	48.000000	90.791489	961.786987
barcode
	1030.000000	59.000000	83.336647	940.083984
barcode
	1030.000000	58.000000	81.357201	940.387268
barcode
	1029.000000	65.000000	80.905228	928.814514
barcode
	1032.000000	57.000000	78.108330	946.180481
barcode
	1038.000000	58.000000	72.107300	942.623352
barcode
	1032.000000	70.000000	82.345161	922.244507
barcode
	1027.000000	50.000000	85.147148	962.315063
barcode
	1029.000000	57.000000	85.561386	943.840454
barcode
	1030.000000	56.000000	82.498001	945.597839
barcode
	1029.000000	66.000000	80.907967	926.735901
barcode
	1031.000000	60.000000	79.721542	939.961060
barcode
	1037.000000	60.000000	72.949982	938.093872
barcode
	1035.000000	53.000000	75.716652	952.718811
barcode
	1033.000000	73.000000	80.303749	919.316833
barcode
	1025.000000	47.000000	93.006927	963.422485
barcode
	1030.000000	63.000000	83.241447	932.635132
barcode
	1029.000000	61.000000	81.406219	936.204956
barcode
	1028.000000	70.000000	80.173065	920.717407
barcode, RR`
	1034.000000	55.000000	75.048477	950.918030
barcode, GG`
	1029.000000	62.000000	85.776917	941.445251
barcode, BB`
	1027.000000	75.000000	81.663200	905.133240
barcode
	1034.000000	77.000000	80.773834	909.305359
barcode
	1028.000000	65.000000	83.515717	934.580994
barcode
	1028.000000	65.000000	85.678650	927.684509
barcode
	1030.000000	62.000000	80.565544	934.178772
barcode
	1029.000000	68.000000	79.923576	923.471375
barcode
	1031.000000	63.000000	78.634354	933.414917
barcode
	1037.000000	58.000000	73.650284	942.461243
barcode
	1033.000000	71.000000	80.689224	920.800354
barcode
	1028.000000	66.000000	84.853172	931.830627
barcode
	1028.000000	60.000000	85.810051	939.311462
barcode
	1030.000000	65.000000	80.871338	928.308838
barcode
	1029.000000	71.000000	79.863831	915.337402
barcode
	1031.000000	70.000000	79.840225	917.742493
barcode
	1036.000000	55.000000	73.627693	948.606018
barcode
	1033.000000	69.000000	82.123474	924.358765
barcode
	1028.000000	67.000000	84.946686	930.252747
barcode
	1028.000000	66.000000	85.982529	927.747986
barcode
	1029.000000	68.000000	82.705933	922.579163
barcode
	1029.000000	74.000000	81.822617	909.897095
barcode
	1030.000000	74.000000	81.963707	910.458496
barcode
	1036.000000	49.000000	75.409439	961.366089
barcode
	1033.000000	52.000000	78.097710	955.313660
barcode
	1033.000000	69.000000	84.548523	924.959045
barcode
	1028.000000	77.000000	86.450775	909.399597
barcode
	1028.000000	63.000000	83.117096	932.867371
barcode
	1030.000000	69.000000	79.366501	920.513306
barcode
	1028.000000	75.000000	80.946136	908.252686
barcode, RR`
	1035.000000	52.000000	78.099060	956.767517
barcode, GG`
	1031.000000	70.000000	84.606819	926.377747
barcode, BB`
	1027.000000	84.000000	82.901596	885.184143
barcode
	1033.000000	76.000000	82.335670	909.257141
barcode
	1028.000000	79.000000	84.529419	905.597900
barcode
	1028.000000	66.000000	86.483597	927.199463
barcode
	1029.000000	70.000000	82.120300	919.017883
barcode
	1029.000000	72.000000	80.288361	913.758789
barcode
	1031.000000	77.000000	81.500511	904.993164
barcode
	1036.000000	41.000000	77.514023	976.948914
barcode
	1034.000000	67.000000	81.555069	928.170654
barcode
	1028.000000	80.000000	84.221252	904.534058
barcode
	1027.000000	66.000000	86.528198	926.006287
barcode
	1029.000000	72.000000	82.781334	915.182617
barcode
	1029.000000	74.000000	80.889442	909.628113
barcode
	1030.000000	75.000000	81.467796	906.969788
barcode
	1035.000000	43.000000	77.800545	972.410034
barcode
	1033.000000	66.000000	83.927094	928.587952
barcode
	1027.000000	79.000000	86.230568	905.632935
barcode
	1028.000000	61.000000	85.576149	935.801453
barcode
	1029.000000	71.000000	85.100639	916.804810
barcode
	1028.000000	73.000000	83.116837	910.872375
barcode
	1031.000000	74.000000	83.487762	909.082275
barcode
	1035.000000	40.000000	78.559845	979.616028
barcode
	1033.000000	46.000000	78.722046	966.190979
barcode
	1034.000000	65.000000	82.747009	930.454773
barcode
	1026.000000	50.000000	90.888794	958.314331
barcode
	1030.000000	70.000000	83.332954	919.666809
barcode
	1029.000000	73.000000	83.870422	912.666565
barcode
	1028.000000	75.000000	81.867989	906.875366
barcode, RR`
	1032.000000	54.000000	80.671021	952.794250
barcode, GG`
	1034.000000	62.000000	83.756813	941.542969
barcode, BB`
	1028.000000	84.000000	84.095474	886.512634
barcode
	1034.000000	70.000000	85.967964	920.601257
barcode
	1028.000000	84.000000	85.232292	895.556519
barcode
	1029.000000	69.000000	85.338730	922.208801
barcode
	1029.000000	72.000000	84.869553	912.855286
barcode
	1029.000000	77.000000	83.187553	902.627014
barcode
	1030.000000	76.000000	83.037285	905.934875
barcode
	1033.000000	41.000000	80.536026	975.960510
barcode
	1034.000000	60.000000	83.901802	939.181946
barcode
	1028.000000	86.000000	84.213295	893.021057
barcode
	1028.000000	74.000000	84.386314	912.762634
barcode
	1029.000000	74.000000	84.583603	910.171448
barcode
	1029.000000	76.000000	82.408089	906.045837
barcode
	1030.000000	81.000000	82.914497	897.181030
barcode
	1033.000000	46.000000	79.816864	966.317078
barcode
	1034.000000	59.000000	83.439011	941.040955
barcode
	1029.000000	84.000000	82.230774	896.954529
barcode
	1030.000000	74.000000	83.237083	911.827026
barcode
	1029.000000	72.000000	83.079712	912.606506
barcode
	1029.000000	75.000000	82.323196	907.812744
barcode
	1030.000000	80.000000	81.757896	898.647583
barcode
	1033.000000	46.000000	78.976784	966.536194
barcode
	1032.000000	43.000000	79.412949	972.514038
barcode
	1034.000000	57.000000	83.462486	945.045898
barcode
	1027.000000	51.000000	91.104759	954.422729
barcode
	1030.000000	72.000000	84.346016	914.730225
barcode
	1029.000000	72.000000	83.254738	911.787720
barcode
	1028.000000	76.000000	82.746391	904.419800
barcode, RR`
	1032.000000	58.000000	83.734787	943.744446
barcode, GG`
	1036.000000	56.000000	81.884773	955.573486
barcode, BB`
	1027.000000	90.000000	85.642380	876.943848
barcode
	1034.000000	66.000000	84.585815	929.994568
barcode
	1031.000000	85.000000	82.004524	894.585327
barcode
	1030.000000	73.000000	83.832657	914.247620
barcode
	1029.000000	68.000000	85.424973	918.999634
barcode
	1030.000000	77.000000	84.092964	903.515198
barcode
	1030.000000	84.000000	85.601433	891.260803
barcode
	1032.000000	47.000000	82.114021	964.339233
barcode
	1035.000000	55.000000	82.388687	947.814453
barcode
	1026.000000	52.000000	90.548523	952.204956
barcode
	1032.000000	70.000000	81.334213	920.472473
barcode
	1030.000000	67.000000	83.276031	923.177002
barcode
	1029.000000	79.000000	84.141144	899.452576
barcode
	1029.000000	85.000000	84.649155	890.156921
barcode
	1032.000000	46.000000	82.709259	965.305054
barcode
	1035.000000	51.000000	84.358925	956.028748
barcode
	1030.000000	76.000000	83.551460	905.754456
barcode
	1029.000000	87.000000	84.648041	885.838318
barcode
	1032.000000	56.000000	82.843002	945.073730
barcode
	1031.000000	38.000000	82.327744	980.975586
barcode
	1035.000000	50.000000	84.210655	960.783325
barcode
	1032.000000	76.000000	79.013298	913.030701
barcode
	1033.000000	72.000000	80.081879	917.031860
barcode
	1031.000000	67.000000	83.121300	924.239868
barcode
	1030.000000	79.000000	82.385765	900.416443
barcode, RR`
	1032.000000	58.000000	83.461700	944.287903
barcode, GG`
	1035.000000	62.000000	82.170502	943.361694
barcode, BB`
	1028.000000	85.000000	82.864784	887.571838
barcode
	1033.000000	55.000000	83.278061	951.451294
barcode
	1032.000000	75.000000	79.425644	914.103516
barcode
	1033.000000	70.000000	77.051704	921.097778
barcode
	1031.000000	64.000000	81.769157	928.491333
barcode
	1029.000000	80.000000	82.363976	899.435730
barcode
	1028.000000	88.000000	84.854294	885.314148
barcode
	1032.000000	60.000000	82.335922	937.892517
barcode
	1035.000000	48.000000	83.519272	965.788025
barcode
	1026.000000	49.000000	92.192604	958.504944
barcode
	1034.000000	68.000000	78.159454	923.167358
barcode
	1031.000000	58.000000	84.616364	943.088135
barcode
	1030.000000	78.000000	83.578880	903.062378
barcode
	1028.000000	91.000000	86.767494	877.222229
barcode
	1030.000000	59.000000	87.753998	939.272400
barcode
	1034.000000	49.000000	83.171303	963.081421
barcode, GG`
	1034.000000	74.000000	76.198555	916.966736
barcode
	1033.000000	64.000000	77.365715	933.828064
barcode
	1031.000000	57.000000	81.281143	944.537476
barcode
	1030.000000	78.000000	81.793381	902.992310
barcode
	1028.000000	86.000000	84.602196	888.032837
barcode
	1031.000000	66.000000	83.664032	925.557068
barcode
	1031.000000	38.000000	82.000496	981.427979
barcode
	1035.000000	47.000000	80.219528	967.985046
barcode, GG`
	1034.000000	71.000000	76.103378	922.836670
barcode
	1035.000000	63.000000	73.640083	936.027588
barcode
	1032.000000	60.000000	82.554077	938.170715
barcode
	1031.000000	81.000000	81.193459	896.963623
barcode, RR`
	1031.000000	48.000000	84.449806	965.638245
barcode, GG`
	1034.000000	55.000000	81.041595	958.688232
barcode, BB`
	1030.000000	88.000000	83.055748	885.535645
barcode
	1034.000000	49.000000	76.172379	962.666748
barcode
	1034.000000	70.000000	77.483101	926.123291
barcode
	1034.000000	58.000000	76.002136	947.187439
barcode
	1031.000000	54.000000	83.577637	949.504700
barcode
	1032.000000	68.000000	80.713989	930.100647
barcode
	1029.000000	93.000000	79.404938	877.607361
barcode
	1030.000000	69.000000	84.452278	922.208862
barcode
	1034.000000	46.000000	78.586441	970.141907
barcode
	1033.000000	65.000000	76.167038	935.514343
barcode
	1034.000000	60.000000	75.359634	944.664307
barcode
	1032.000000	56.000000	82.733444	946.343445
barcode
	1031.000000	81.000000	81.830116	897.737305
barcode
	1028.000000	84.000000	83.931015	892.703369
barcode
	1031.000000	67.000000	86.025330	927.037354
barcode
	1035.000000	43.000000	80.329834	974.806519
barcode
	1035.000000	62.000000	77.755203	941.859436
barcode
	1035.000000	57.000000	76.081085	950.640137
barcode
	1032.000000	53.000000	84.822388	952.061340
barcode
	1031.000000	79.000000	82.702980	902.155945
barcode
	1028.000000	83.000000	84.455078	893.611206
barcode
	1031.000000	65.000000	87.401451	931.010986
barcode
	1029.000000	33.000000	84.428169	991.194824
barcode
	1034.000000	39.000000	80.586029	984.207397
barcode
	1027.000000	47.000000	90.523933	963.186584
barcode
	1035.000000	54.000000	76.346657	954.107361
barcode
	1033.000000	49.000000	82.128952	960.365051
barcode
	1031.000000	82.000000	81.537392	896.936646
barcode, RR`
	1030.000000	38.000000	85.092484	986.327393
barcode, GG`
	1033.000000	47.000000	80.962570	975.850830
barcode, BB`
	1030.000000	92.000000	83.500847	878.427856
barcode
	1034.000000	47.000000	78.034248	967.418335
barcode
	1035.000000	54.000000	80.341171	955.860535
barcode
	1034.000000	55.000000	78.043007	952.054871
barcode
	1032.000000	51.000000	85.237198	956.009888
barcode
	1030.000000	83.000000	83.985046	894.745056
barcode
	1028.000000	80.000000	84.341156	900.838318
barcode
	1030.000000	67.000000	87.248177	927.567749
barcode
	1034.000000	38.000000	80.346207	986.504761
barcode
	1026.000000	49.000000	92.608246	959.304321
barcode
	1035.000000	51.000000	76.740707	959.866150
