barcode
	1028.000000	65.000000	87.603027	928.708191
barcode
	1029.000000	62.000000	87.852325	930.764954
barcode
	1030.000000	59.000000	87.057457	938.057739
barcode
	1030.000000	54.000000	91.056824	948.637146
barcode
	1031.000000	62.000000	87.925133	931.339050
barcode, X`R
	1036.000000	29.000000	84.386414	996.835144
barcode, R`G
	1025.000000	69.000000	97.299431	920.297729
barcode, G`B
	1030.000000	53.000000	77.220375	952.932190
barcode, B`X
	1028.000000	60.000000	81.346176	932.881287
barcode
	1030.000000	62.000000	85.987244	931.514404
barcode
	1030.000000	60.000000	86.474785	936.221985
barcode
	1031.000000	59.000000	90.482742	939.820251
barcode
	1032.000000	64.000000	88.441910	928.653320
barcode
	1029.000000	59.000000	86.234398	937.496094
barcode
	1030.000000	60.000000	91.001472	935.286377
barcode
	1026.000000	67.000000	88.986580	925.465576
barcode
	1029.000000	62.000000	88.263458	931.465454
barcode
	1030.000000	62.000000	86.813751	932.716797
barcode
	1030.000000	54.000000	89.311478	951.216614
barcode
	1031.000000	63.000000	88.604317	930.990234
barcode
	1029.000000	59.000000	86.047539	937.327698
barcode
	1030.000000	61.000000	89.651855	932.561096
barcode
	1027.000000	66.000000	87.599716	927.703918
barcode
	1029.000000	64.000000	86.134697	926.259521
barcode
	1030.000000	58.000000	86.349281	940.731018
barcode
	1030.000000	57.000000	89.267059	945.251770
barcode
	1032.000000	65.000000	87.182434	927.340271
barcode
	1030.000000	61.000000	85.067970	933.350952
barcode
	1030.000000	61.000000	91.954147	933.419250
barcode
	1029.000000	65.000000	93.179604	925.759827
barcode
	1027.000000	64.000000	88.005272	932.067383
barcode
	1029.000000	58.000000	87.295036	937.612671
barcode
	1030.000000	57.000000	87.069382	940.765015
barcode
	1030.000000	52.000000	91.355019	952.964417
barcode
	1031.000000	64.000000	89.197357	928.611450
barcode, X`R
	1035.000000	27.000000	84.691963	1002.690186
barcode, R`G
	1026.000000	65.000000	95.533470	927.098145
barcode, G`B
	1031.000000	39.000000	77.050758	980.523376
barcode, B`X
	1028.000000	63.000000	80.722771	926.557617
barcode
	1029.000000	60.000000	87.266327	931.444275
barcode
	1030.000000	56.000000	86.479836	942.732849
barcode
	1030.000000	51.000000	91.390381	955.083374
barcode
	1032.000000	62.000000	88.828300	931.620361
barcode
	1029.000000	60.000000	86.336517	934.544861
barcode
	1030.000000	58.000000	91.100334	937.635132
barcode
	1026.000000	64.000000	89.413574	929.744324
barcode
	1029.000000	62.000000	87.430626	926.970032
barcode
	1030.000000	55.000000	86.821365	944.950684
barcode
	1029.000000	48.000000	91.049690	958.299072
barcode
	1031.000000	62.000000	88.209282	932.870972
barcode
	1030.000000	62.000000	85.491447	932.303833
barcode
	1030.000000	57.000000	90.218979	940.000916
barcode
	1026.000000	62.000000	89.310738	935.402893
barcode
	1029.000000	61.000000	87.054810	930.492065
barcode
	1030.000000	57.000000	87.420586	941.352112
barcode
	1029.000000	47.000000	90.717842	962.497681
barcode
	1032.000000	64.000000	86.890831	927.887024
barcode
	1029.000000	61.000000	85.696968	934.365479
barcode
	1030.000000	59.000000	90.913040	936.664917
barcode
	1030.000000	65.000000	91.575211	925.571106
barcode
	1026.000000	62.000000	89.485397	936.213928
barcode
	1029.000000	62.000000	86.582619	928.728394
barcode
	1030.000000	54.000000	86.002357	945.924927
barcode
	1029.000000	53.000000	89.937836	950.275513
barcode
	1032.000000	63.000000	88.050217	929.611328
barcode, X`R
	1035.000000	26.000000	84.875992	1005.166382
barcode, R`G
	1028.000000	73.000000	93.690063	913.410278
barcode, G`B
	1033.000000	36.000000	72.291946	986.232910
barcode, B`X
	1028.000000	62.000000	79.831352	927.233398
barcode
	1028.000000	60.000000	86.048676	931.763733
barcode
	1030.000000	56.000000	85.813293	942.615173
barcode
	1030.000000	50.000000	89.583992	957.571960
barcode
	1032.000000	63.000000	86.992294	930.059082
barcode
	1029.000000	60.000000	84.879967	936.259094
barcode
	1030.000000	57.000000	91.537926	940.240173
barcode
	1026.000000	62.000000	89.280411	935.728882
barcode
	1029.000000	62.000000	86.465958	929.170349
barcode
	1030.000000	55.000000	85.076630	943.665344
barcode
	1030.000000	54.000000	89.072906	949.686035
barcode
	1032.000000	63.000000	88.582603	929.482727
barcode
	1030.000000	60.000000	86.296471	935.005615
barcode
	1030.000000	60.000000	91.665268	933.697693
barcode
	1026.000000	67.000000	88.686981	926.659973
barcode
	1029.000000	56.000000	86.940582	939.673889
barcode
	1030.000000	55.000000	85.954315	945.082825
barcode
	1030.000000	54.000000	88.456818	948.934875
barcode
	1032.000000	64.000000	87.400139	929.525940
barcode
	1030.000000	63.000000	84.363724	929.825867
barcode
	1029.000000	62.000000	92.119461	930.436401
barcode
	1029.000000	65.000000	92.489662	925.802429
barcode
	1026.000000	68.000000	88.395195	924.590210
barcode
	1028.000000	60.000000	87.337914	933.301453
barcode
	1031.000000	53.000000	86.011909	949.165649
barcode
	1030.000000	51.000000	88.992188	954.227173
barcode
	1032.000000	65.000000	88.393463	927.130188
barcode, X`R
	1036.000000	23.000000	84.285675	1011.115234
barcode, R`G
	1029.000000	68.000000	95.024124	922.005005
barcode, G`B
	1033.000000	43.000000	72.195671	975.745483
barcode, B`X
	1027.000000	67.000000	80.358986	918.810364
barcode
	1028.000000	61.000000	87.017929	929.775635
barcode
	1031.000000	55.000000	85.578255	944.347717
barcode
	1030.000000	49.000000	89.661049	958.385559
barcode
	1033.000000	64.000000	88.677422	928.237366
barcode
	1030.000000	64.000000	86.413437	928.110474
barcode
	1030.000000	60.000000	92.523895	934.420837
barcode
	1026.000000	66.000000	88.947441	928.606384
barcode
	1028.000000	61.000000	87.182114	930.853943
barcode
	1032.000000	57.000000	84.877235	940.713684
barcode
	1030.000000	53.000000	88.885811	950.184082
barcode
	1033.000000	64.000000	87.122719	927.722229
barcode
	1030.000000	63.000000	86.280167	929.757263
barcode
	1029.000000	59.000000	91.663177	935.509766
barcode
	1026.000000	62.000000	89.744560	935.415161
barcode
	1028.000000	61.000000	87.323769	931.031372
barcode
	1032.000000	55.000000	85.710426	943.940674
barcode
	1030.000000	53.000000	87.844383	948.398804
barcode
	1033.000000	67.000000	86.768867	921.622559
barcode
	1030.000000	65.000000	85.652298	924.269653
barcode
	1029.000000	62.000000	92.243675	928.868103
barcode
	1029.000000	65.000000	93.551735	923.559509
barcode
	1026.000000	69.000000	89.275864	920.619019
barcode
	1028.000000	61.000000	87.080605	931.483215
barcode
	1032.000000	54.000000	85.149979	945.296082
barcode
	1030.000000	57.000000	88.375977	940.866760
barcode
	1032.000000	66.000000	91.169075	924.932922
barcode, X`R
	1035.000000	24.000000	85.440674	1010.140442
barcode, R`G
	1029.000000	50.000000	97.249825	960.571899
barcode, G`B
	1032.000000	49.000000	74.378036	962.464539
barcode, B`X
	1028.000000	69.000000	81.873032	915.384277
barcode
	1028.000000	59.000000	87.960075	933.205505
barcode
	1032.000000	57.000000	85.674522	940.627991
barcode
	1031.000000	55.000000	86.639534	945.822266
barcode
	1032.000000	66.000000	89.570030	924.480408
barcode
	1030.000000	62.000000	86.193100	930.900269
barcode
	1029.000000	58.000000	93.094414	937.435364
barcode
	1026.000000	67.000000	89.534798	924.779175
barcode
	1028.000000	58.000000	87.372498	935.585999
barcode
	1032.000000	55.000000	85.139503	944.525269
barcode
	1031.000000	57.000000	85.225716	941.312439
barcode
	1033.000000	67.000000	89.204384	921.943665
barcode
	1030.000000	68.000000	86.781265	917.802795
barcode
	1029.000000	61.000000	92.788757	932.510254
barcode
	1026.000000	61.000000	89.527161	937.279785
barcode
	1028.000000	60.000000	87.282883	931.414856
barcode
	1033.000000	54.000000	84.916061	945.760742
barcode
	1031.000000	56.000000	85.348038	943.285217
barcode
	1032.000000	67.000000	88.994034	920.896423
barcode
	1029.000000	71.000000	88.458092	913.392334
barcode
	1028.000000	61.000000	94.159660	932.001465
barcode
	1028.000000	65.000000	94.613579	924.950684
barcode
	1026.000000	77.000000	90.877403	904.783447
barcode
	1028.000000	61.000000	88.205788	930.174194
barcode
	1032.000000	56.000000	85.419907	941.842224
barcode
	1031.000000	47.000000	85.606194	962.044128
barcode
	1033.000000	64.000000	90.994286	928.021912
barcode, X`R
	1035.000000	19.000000	84.964439	1018.822876
barcode, R`G
	1030.000000	55.000000	96.687759	951.088074
barcode, G`B
	1031.000000	46.000000	75.715050	968.933228
barcode, B`X
	1027.000000	64.000000	81.119583	925.304504
barcode
	1028.000000	59.000000	88.868050	933.915100
barcode
	1032.000000	56.000000	85.712830	941.031311
barcode
	1031.000000	55.000000	86.089088	944.254211
barcode
	1032.000000	63.000000	90.797409	930.858398
barcode
	1030.000000	66.000000	89.101578	921.856506
barcode
	1029.000000	57.000000	94.050812	939.930359
barcode
	1027.000000	65.000000	89.115639	930.181824
barcode
	1029.000000	62.000000	86.752953	929.601501
barcode
	1033.000000	58.000000	85.827576	937.559692
barcode
	1032.000000	57.000000	85.759247	942.714783
barcode
	1032.000000	65.000000	91.489899	925.875061
barcode
	1030.000000	67.000000	88.503181	920.629150
barcode
	1029.000000	62.000000	92.986229	929.507324
barcode
	1027.000000	71.000000	89.155716	917.986816
barcode
	1029.000000	64.000000	87.884277	924.310730
barcode
	1033.000000	58.000000	85.645844	937.525085
barcode
	1032.000000	54.000000	85.678360	946.551880
barcode
	1032.000000	63.000000	91.731194	930.977661
barcode
	1030.000000	69.000000	88.982849	918.253357
barcode
	1029.000000	59.000000	93.370499	936.103394
barcode
	1028.000000	68.000000	93.762238	919.615723
barcode
	1026.000000	73.000000	91.731171	913.598450
barcode
	1029.000000	61.000000	87.697922	930.930969
barcode
	1033.000000	56.000000	85.475258	941.839783
barcode
	1032.000000	59.000000	84.619278	938.964478
barcode
	1032.000000	61.000000	92.280518	933.736389
barcode, X`R
	1035.000000	21.000000	84.709198	1015.326416
barcode, R`G
	1030.000000	49.000000	96.614128	964.863159
barcode, G`B
	1030.000000	53.000000	76.553795	954.656982
barcode, B`X
	1028.000000	64.000000	80.583229	924.526062
barcode
	1030.000000	61.000000	87.051773	930.999207
barcode
	1033.000000	57.000000	85.524292	940.052917
barcode
	1032.000000	59.000000	85.729790	937.339355
barcode
	1032.000000	60.000000	92.864792	937.833008
barcode
	1029.000000	72.000000	89.546509	911.413330
barcode
	1030.000000	62.000000	91.176773	929.877319
barcode
	1027.000000	73.000000	88.449471	913.848816
barcode
	1029.000000	61.000000	88.548164	931.373047
barcode
	1033.000000	54.000000	85.879807	946.370239
barcode
	1033.000000	57.000000	84.275681	942.018555
barcode
	1033.000000	63.000000	90.529419	930.509705
barcode
	1029.000000	70.000000	90.465469	915.096985
barcode
	1030.000000	62.000000	94.068207	930.878479
barcode
	1027.000000	71.000000	88.757927	916.541809
barcode
	1029.000000	62.000000	87.953346	929.257812
barcode
	1032.000000	55.000000	87.317108	943.310547
barcode
	1033.000000	61.000000	83.664368	934.581726
barcode
	1032.000000	64.000000	90.287376	930.454651
barcode
	1030.000000	66.000000	89.465706	922.313354
barcode
	1030.000000	64.000000	93.192963	926.072083
barcode
	1028.000000	67.000000	93.975533	922.261475
barcode
	1026.000000	78.000000	90.689278	904.463928
barcode
	1030.000000	62.000000	87.558060	930.991943
barcode
	1033.000000	53.000000	86.146172	947.570679
barcode
	1033.000000	55.000000	83.240067	944.781982
barcode
	1033.000000	65.000000	90.582237	927.548157
barcode, X`R
	1035.000000	20.000000	84.055313	1016.945190
barcode, R`G
	1032.000000	45.000000	93.245743	972.527588
barcode, G`B
	1027.000000	66.000000	78.868515	932.195679
barcode, B`X
	1028.000000	76.000000	79.733444	902.176819
barcode
	1030.000000	63.000000	87.696625	928.371643
barcode
	1033.000000	54.000000	86.240730	946.726562
barcode
	1035.000000	55.000000	83.459435	945.840393
barcode
	1032.000000	63.000000	91.324928	931.312805
barcode
	1029.000000	69.000000	90.618248	918.530945
barcode
	1030.000000	61.000000	93.253975	932.808167
barcode
	1028.000000	71.000000	88.076866	916.976135
barcode
	1031.000000	58.000000	88.094849	938.313904
barcode
	1033.000000	54.000000	86.871788	947.511108
barcode
	1035.000000	53.000000	82.703270	949.319885
barcode
	1033.000000	64.000000	90.987106	930.483276
barcode
	1029.000000	67.000000	90.558662	922.763428
barcode
	1030.000000	60.000000	94.280617	933.431030
barcode
	1027.000000	70.000000	89.377396	920.260681
barcode
	1032.000000	58.000000	86.366486	938.443970
barcode
	1034.000000	54.000000	86.631554	946.456055
barcode
	1035.000000	55.000000	81.572083	947.365662
barcode
	1033.000000	62.000000	90.537796	933.075500
barcode
	1029.000000	67.000000	91.686981	921.606995
barcode
	1030.000000	63.000000	92.917892	928.045898
barcode
	1026.000000	62.000000	96.161926	932.418701
barcode
	1026.000000	70.000000	92.476463	917.912109
barcode
	1032.000000	60.000000	86.738991	934.769836
barcode
	1034.000000	55.000000	85.884003	944.557129
barcode
	1036.000000	58.000000	81.512779	941.506714
barcode
	1032.000000	61.000000	92.366051	936.208313
barcode, X`R
	1035.000000	28.000000	83.735428	1001.173401
barcode, R`G
	1033.000000	47.000000	93.054268	970.346863
barcode, G`B
	1027.000000	63.000000	80.976143	937.459167
barcode, B`X
	1028.000000	69.000000	80.395668	914.916687
barcode
	1032.000000	61.000000	86.311295	934.116272
barcode
	1028.000000	67.000000	93.160965	922.330811
barcode
	1029.000000	59.000000	93.745644	936.825256
barcode
	1027.000000	71.000000	89.547157	918.938049
barcode
	1033.000000	58.000000	85.628510	938.085205
barcode
	1034.000000	51.000000	86.206039	954.261597
barcode
	1036.000000	54.000000	82.384872	950.831848
barcode
	1033.000000	62.000000	91.574944	934.004822
barcode
	1029.000000	67.000000	92.650688	920.901733
barcode
	1030.000000	60.000000	93.145004	933.523376
barcode
	1036.000000	57.000000	81.745903	943.387451
barcode
	1032.000000	60.000000	92.689682	937.630554
barcode
	1028.000000	67.000000	94.576973	921.919800
barcode
	1030.000000	61.000000	93.133362	932.885681
barcode
	1027.000000	61.000000	95.574463	934.942505
barcode
	1026.000000	74.000000	92.423317	911.540771
barcode
	1033.000000	60.000000	86.375298	935.344238
barcode
	1034.000000	52.000000	85.875580	951.873108
barcode
	1035.000000	57.000000	84.035934	945.019592
barcode
	1033.000000	63.000000	91.175224	933.048096
barcode, X`R
	1034.000000	29.000000	84.875893	998.947937
barcode, R`G
	1034.000000	45.000000	93.381752	973.876831
barcode, G`B
	1027.000000	65.000000	80.157944	933.632263
barcode, B`X
	1029.000000	63.000000	80.334213	926.636230
barcode
	1033.000000	61.000000	85.601463	934.577576
barcode
	1034.000000	52.000000	86.108429	953.408142
barcode
	1036.000000	58.000000	81.651932	942.273865
barcode
	1033.000000	61.000000	89.854050	936.686890
barcode
	1029.000000	62.000000	92.691887	931.607056
barcode
	1030.000000	63.000000	92.320320	928.357422
barcode
	1027.000000	71.000000	89.608017	918.715271
barcode
	1033.000000	61.000000	84.517708	934.587524
barcode
	1035.000000	53.000000	85.463066	949.952820
barcode
	1036.000000	63.000000	81.759666	932.939758
barcode
	1032.000000	61.000000	91.824814	936.674683
barcode
	1028.000000	66.000000	92.305794	924.949158
barcode
	1030.000000	64.000000	91.542366	926.266174
barcode
	1027.000000	69.000000	90.572929	922.432007
barcode
	1033.000000	63.000000	85.210709	930.970520
barcode
	1034.000000	51.000000	86.567032	953.988586
barcode
	1036.000000	64.000000	82.500046	932.701294
barcode
	1033.000000	62.000000	89.351631	935.640869
barcode
	1028.000000	67.000000	93.510796	923.327759
barcode
	1030.000000	65.000000	92.570648	923.477356
barcode
	1026.000000	55.000000	95.709686	948.535034
barcode
	1025.000000	69.000000	93.528961	921.261963
barcode
	1033.000000	63.000000	85.255905	931.216614
barcode
	1034.000000	55.000000	87.121918	947.584106
barcode
	1035.000000	67.000000	82.071342	924.538696
barcode
	1032.000000	59.000000	92.406731	940.350403
barcode, X`R
	1033.000000	27.000000	84.412392	1004.521118
barcode, R`G
	1033.000000	52.000000	95.548058	960.214417
barcode, G`B
	1026.000000	62.000000	82.337753	940.336609
barcode, B`X
	1028.000000	59.000000	81.254990	936.004761
barcode
	1032.000000	59.000000	86.899101	940.160767
barcode
	1035.000000	51.000000	86.057114	955.714844
barcode
	1035.000000	63.000000	84.669510	935.860413
barcode
	1033.000000	61.000000	90.976730	936.772278
barcode
	1029.000000	63.000000	92.613548	932.500244
barcode
	1030.000000	63.000000	92.416595	930.714783
barcode
	1025.000000	70.000000	92.922699	921.759216
barcode
	1033.000000	60.000000	86.613846	936.811646
barcode
	1034.000000	53.000000	87.867264	952.361938
barcode
	1034.000000	66.000000	85.514168	929.386719
barcode
	1032.000000	63.000000	90.491211	933.949463
barcode
	1028.000000	64.000000	95.075600	929.881042
barcode
	1030.000000	61.000000	93.102455	932.476501
barcode
	1026.000000	71.000000	91.311836	918.364868
barcode
	1033.000000	62.000000	86.592918	934.571777
barcode
	1035.000000	55.000000	86.782867	949.168030
barcode
	1034.000000	62.000000	84.028831	936.366150
barcode
	1033.000000	60.000000	90.517876	939.005066
barcode
	1028.000000	63.000000	94.083946	932.691040
barcode
	1030.000000	57.000000	92.047302	941.187073
barcode
	1026.000000	55.000000	95.476631	950.860901
barcode
	1024.000000	70.000000	95.569939	919.411560
barcode
	1033.000000	62.000000	87.465057	934.563904
barcode
	1034.000000	53.000000	88.824944	952.627869
barcode
	1034.000000	63.000000	84.208580	934.785828
barcode
	1032.000000	60.000000	92.297485	940.012817
barcode, X`R
	1034.000000	30.000000	83.832550	997.720337
barcode, R`G
	1036.000000	38.000000	91.009071	988.666138
barcode, G`B
	1027.000000	56.000000	81.458176	952.239014
barcode, B`X
	1029.000000	59.000000	79.413246	937.536621
barcode
	1032.000000	60.000000	87.376160	939.526489
barcode
	1034.000000	54.000000	88.027428	950.830383
barcode
	1034.000000	63.000000	84.878189	934.022827
barcode
	1032.000000	57.000000	90.592484	944.140259
barcode
	1028.000000	61.000000	94.157372	934.760803
barcode
	1029.000000	59.000000	92.456200	937.501038
barcode
	1026.000000	71.000000	92.524734	919.126831
barcode
	1033.000000	57.000000	87.042374	943.901062
barcode
	1034.000000	54.000000	87.991196	949.806763
barcode
	1034.000000	65.000000	85.609451	931.981567
barcode
	1031.000000	58.000000	91.106163	943.680908
barcode
	1028.000000	53.000000	95.234283	950.366577
barcode
	1029.000000	56.000000	92.912155	944.016296
barcode
	1025.000000	68.000000	92.256630	924.751160
barcode
	1033.000000	56.000000	86.734009	946.455383
barcode
	1033.000000	50.000000	90.503067	957.426208
