barcode
	1032.000000	46.000000	94.846039	967.359314
barcode
	1029.000000	45.000000	92.012268	966.950928
barcode
	1027.000000	63.000000	102.941742	936.466492
barcode
	1025.000000	50.000000	100.931610	958.971252
barcode
	1032.000000	57.000000	91.460991	948.788818
barcode
	1031.000000	43.000000	93.976509	976.085571
barcode
	1029.000000	37.000000	92.691917	985.720825
barcode
	1029.000000	53.000000	94.805229	951.911499
barcode, X`R
	1036.000000	32.000000	81.484734	993.424805
barcode, R`G
	1033.000000	21.000000	95.848007	1016.820374
barcode, G`B
	1032.000000	18.000000	75.552521	1025.560791
barcode, B`X
	1029.000000	61.000000	81.258057	935.120483
barcode
	1032.000000	56.000000	93.086311	951.277100
barcode
	1030.000000	44.000000	96.843735	975.268921
barcode
	1028.000000	39.000000	94.553291	982.249634
barcode
	1029.000000	50.000000	93.550003	956.580627
barcode
	1032.000000	45.000000	94.337334	969.284973
barcode
	1029.000000	45.000000	92.152008	966.094177
barcode
	1027.000000	49.000000	92.375374	959.739075
barcode
	1032.000000	58.000000	91.223221	947.539124
barcode
	1031.000000	43.000000	94.880257	976.457825
barcode
	1028.000000	39.000000	93.831200	981.674988
barcode
	1029.000000	52.000000	94.847260	954.569519
barcode
	1032.000000	45.000000	94.295906	968.656372
barcode
	1028.000000	52.000000	93.270119	953.619202
barcode
	1026.000000	50.000000	95.122238	957.370056
barcode
	1031.000000	61.000000	91.107506	940.613403
barcode
	1031.000000	46.000000	94.205978	970.647278
barcode
	1028.000000	39.000000	93.915825	983.088135
barcode
	1029.000000	51.000000	94.834412	953.857178
barcode
	1032.000000	54.000000	93.666924	950.363037
barcode
	1029.000000	48.000000	91.261810	961.699768
barcode
	1029.000000	61.000000	99.569901	940.810547
barcode
	1027.000000	49.000000	97.806847	961.364563
barcode
	1032.000000	62.000000	90.879005	940.246826
barcode
	1032.000000	49.000000	91.791054	963.634949
barcode
	1027.000000	39.000000	93.477081	982.967224
barcode
	1029.000000	48.000000	95.302567	959.592529
barcode, X`R
	1037.000000	38.000000	80.332764	980.247742
barcode, R`G
	1034.000000	10.000000	93.725990	1040.672119
barcode, G`B
	1033.000000	18.000000	73.627739	1024.845215
barcode, B`X
	1029.000000	62.000000	80.694885	932.388855
barcode
	1032.000000	62.000000	91.136650	940.281616
barcode
	1031.000000	46.000000	92.847076	970.608582
barcode
	1027.000000	37.000000	94.105942	984.074158
barcode
	1029.000000	53.000000	94.544617	951.576172
barcode
	1032.000000	50.000000	92.400337	957.430908
barcode
	1029.000000	42.000000	90.048668	972.337830
barcode
	1026.000000	52.000000	93.117477	951.906128
barcode
	1031.000000	59.000000	92.309250	945.773804
barcode
	1031.000000	45.000000	93.600479	971.623596
barcode
	1027.000000	39.000000	94.213509	981.021790
barcode
	1029.000000	53.000000	94.684128	950.948547
barcode
	1032.000000	56.000000	92.283623	946.613281
barcode
	1029.000000	44.000000	90.725090	969.225708
barcode
	1026.000000	55.000000	93.435158	946.736267
barcode
	1031.000000	61.000000	91.444511	941.736877
barcode
	1032.000000	48.000000	91.743080	966.895630
barcode
	1026.000000	41.000000	95.413887	977.463318
barcode
	1029.000000	53.000000	96.002251	949.706787
barcode
	1032.000000	51.000000	92.604691	956.130066
barcode
	1029.000000	45.000000	90.712669	967.626038
barcode
	1030.000000	60.000000	97.480301	942.336487
barcode
	1027.000000	49.000000	98.421371	961.611389
barcode
	1031.000000	60.000000	91.347420	943.448975
barcode
	1031.000000	51.000000	93.540794	960.530334
barcode
	1026.000000	37.000000	93.893829	985.249695
barcode
	1028.000000	51.000000	96.923714	954.418762
barcode, X`R
	1037.000000	34.000000	79.544014	986.817993
barcode, R`G
	1035.000000	24.000000	93.600250	1012.242737
barcode, G`B
	1034.000000	17.000000	74.050179	1028.031372
barcode, B`X
	1030.000000	59.000000	81.686203	938.172607
barcode
	1031.000000	56.000000	91.822716	951.567078
barcode
	1031.000000	48.000000	94.003586	966.099304
barcode
	1026.000000	34.000000	93.902702	989.973511
barcode
	1028.000000	52.000000	96.917610	953.980652
barcode
	1032.000000	51.000000	91.995132	954.320312
barcode
	1030.000000	40.000000	89.965279	977.135986
barcode
	1027.000000	52.000000	93.143333	952.203796
barcode
	1032.000000	60.000000	91.409988	944.017334
barcode
	1031.000000	50.000000	93.826126	962.909668
barcode
	1027.000000	38.000000	93.976646	983.750549
barcode
	1029.000000	51.000000	95.811913	954.718628
barcode
	1033.000000	52.000000	89.761169	954.641296
barcode
	1029.000000	42.000000	90.459480	972.871094
barcode
	1027.000000	52.000000	93.133926	953.640808
barcode
	1032.000000	66.000000	90.663696	933.106506
barcode
	1031.000000	49.000000	91.898514	963.745483
barcode
	1025.000000	40.000000	95.944580	979.489624
barcode
	1028.000000	55.000000	96.347305	946.636475
barcode
	1033.000000	55.000000	89.582840	947.577087
barcode
	1030.000000	43.000000	89.323418	970.949829
barcode
	1029.000000	57.000000	97.363197	947.522461
barcode
	1029.000000	58.000000	98.261383	942.582336
barcode
	1031.000000	62.000000	91.306343	938.026672
barcode
	1032.000000	50.000000	92.152275	960.326172
barcode
	1027.000000	38.000000	93.258530	981.170288
barcode
	1029.000000	54.000000	94.408829	948.016541
barcode, X`R
	1037.000000	40.000000	78.964516	976.451172
barcode, R`G
	1033.000000	26.000000	93.342255	1008.032471
barcode, G`B
	1035.000000	19.000000	72.272148	1023.562134
barcode, B`X
	1029.000000	57.000000	81.170494	944.209290
barcode
	1032.000000	59.000000	91.303596	945.331970
barcode
	1031.000000	48.000000	94.492638	966.794556
barcode
	1026.000000	40.000000	94.768730	979.502869
barcode
	1029.000000	52.000000	95.285416	953.425049
barcode
	1033.000000	56.000000	88.566185	947.786438
barcode
	1030.000000	44.000000	88.922356	970.671204
barcode
	1027.000000	55.000000	91.903938	946.928589
barcode
	1031.000000	60.000000	92.201889	944.906006
barcode
	1031.000000	47.000000	94.733749	969.042175
barcode
	1026.000000	39.000000	95.689911	982.754456
barcode
	1029.000000	53.000000	96.025116	951.359558
barcode
	1034.000000	57.000000	87.122192	943.450378
barcode
	1030.000000	45.000000	87.794617	966.749939
barcode
	1028.000000	55.000000	91.719917	946.267090
barcode
	1031.000000	62.000000	92.334656	939.667664
barcode
	1031.000000	53.000000	94.847305	956.690186
barcode
	1027.000000	41.000000	95.036293	978.109863
barcode
	1029.000000	52.000000	96.014343	951.792786
barcode
	1033.000000	54.000000	88.326073	949.806274
barcode
	1030.000000	43.000000	89.147163	970.888977
barcode
	1029.000000	53.000000	97.150185	956.268005
barcode
	1029.000000	63.000000	96.840096	933.467896
barcode
	1032.000000	59.000000	91.037109	945.202209
barcode
	1031.000000	49.000000	91.300453	963.952942
barcode
	1026.000000	40.000000	95.124580	978.713501
barcode
	1028.000000	54.000000	96.049240	949.041077
barcode, X`R
	1037.000000	37.000000	80.446999	980.109314
barcode, R`G
	1032.000000	37.000000	93.996643	983.977356
barcode, G`B
	1035.000000	21.000000	72.647362	1021.309937
barcode, B`X
	1030.000000	58.000000	80.260765	940.019531
barcode
	1031.000000	60.000000	90.833183	944.830872
barcode
	1031.000000	50.000000	91.722084	961.437744
barcode
	1026.000000	46.000000	96.075706	968.086670
barcode
	1029.000000	52.000000	96.012680	952.818115
barcode
	1034.000000	57.000000	87.029694	944.211121
barcode
	1030.000000	48.000000	88.392807	962.559265
barcode
	1028.000000	53.000000	90.965538	951.686829
barcode
	1030.000000	59.000000	92.995132	947.308838
barcode
	1031.000000	49.000000	93.073837	963.598755
barcode
	1026.000000	44.000000	95.999992	971.475586
barcode
	1029.000000	53.000000	96.334717	950.680237
barcode
	1034.000000	55.000000	85.195244	947.343201
barcode
	1031.000000	47.000000	87.066841	963.995850
barcode
	1029.000000	54.000000	90.345444	947.798279
barcode
	1031.000000	63.000000	90.389771	936.726990
barcode
	1031.000000	54.000000	89.055527	954.655945
barcode
	1024.000000	45.000000	96.948982	969.753723
barcode
	1029.000000	55.000000	96.397667	945.846313
barcode
	1033.000000	55.000000	86.082802	948.978760
barcode
	1030.000000	51.000000	89.272583	955.926880
barcode
	1029.000000	56.000000	94.839050	949.726929
barcode
	1029.000000	67.000000	94.408340	925.405762
barcode
	1031.000000	61.000000	91.054619	942.082458
barcode
	1031.000000	50.000000	90.560074	962.016479
barcode
	1026.000000	47.000000	95.875656	965.878601
barcode
	1029.000000	52.000000	94.550339	952.466736
barcode, X`R
	1038.000000	41.000000	79.466721	973.253113
barcode, R`G
	1033.000000	26.000000	92.857979	1008.194580
barcode, G`B
	1035.000000	12.000000	72.504051	1037.683594
barcode, B`X
	1029.000000	56.000000	82.207451	944.865540
barcode
	1031.000000	58.000000	92.524300	947.813843
barcode
	1031.000000	53.000000	93.011360	954.575317
barcode
	1025.000000	53.000000	96.570808	954.127075
barcode
	1029.000000	53.000000	94.403069	948.985291
barcode
	1034.000000	58.000000	86.749802	942.839844
barcode
	1031.000000	53.000000	88.497780	951.328674
barcode
	1029.000000	59.000000	90.309540	938.810364
barcode
	1031.000000	60.000000	92.450447	944.819519
barcode
	1032.000000	50.000000	91.813950	961.276611
barcode
	1025.000000	52.000000	94.275375	956.459412
barcode
	1029.000000	53.000000	95.464806	949.682983
barcode
	1034.000000	54.000000	84.353951	950.635132
barcode
	1031.000000	56.000000	87.734070	946.079102
barcode
	1029.000000	58.000000	88.524826	940.602722
barcode
	1031.000000	61.000000	91.889603	942.498413
barcode
	1031.000000	52.000000	92.378319	958.359863
barcode
	1024.000000	50.000000	96.963593	961.492188
barcode
	1028.000000	54.000000	96.841225	949.056641
barcode, X`R
	1033.000000	54.000000	85.579788	950.313110
barcode
	1031.000000	57.000000	87.720749	944.386841
barcode
	1030.000000	53.000000	92.921982	954.721985
barcode
	1029.000000	69.000000	96.155273	921.002563
barcode
	1032.000000	61.000000	90.653839	941.520142
barcode
	1031.000000	53.000000	89.509857	955.958557
barcode
	1026.000000	49.000000	93.442688	961.332275
barcode
	1029.000000	55.000000	95.873131	947.390625
barcode, X`R
	1037.000000	46.000000	80.568970	961.983215
barcode, R`G
	1032.000000	31.000000	94.513069	996.354248
barcode, G`B
	1036.000000	21.000000	71.843163	1020.784180
barcode, B`X
	1029.000000	57.000000	82.452881	942.901978
barcode
	1032.000000	61.000000	90.681969	941.108154
barcode
	1030.000000	54.000000	89.395279	952.361511
barcode
	1026.000000	53.000000	94.347107	953.489990
barcode
	1030.000000	55.000000	93.958046	947.018250
barcode, X`R
	1034.000000	54.000000	84.927559	949.399170
barcode
	1032.000000	58.000000	87.089821	940.643188
barcode
	1030.000000	54.000000	88.808014	950.126831
barcode
	1031.000000	60.000000	91.198494	944.520935
barcode
	1031.000000	54.000000	88.806595	952.244934
barcode
	1025.000000	54.000000	94.316429	952.409241
barcode
	1029.000000	55.000000	94.999893	945.875061
barcode, X`R
	1033.000000	51.000000	85.811401	953.548279
barcode
	1032.000000	61.000000	87.084991	935.671021
barcode
	1030.000000	60.000000	88.326515	937.194092
barcode
	1032.000000	64.000000	90.822525	934.594360
barcode
	1031.000000	58.000000	89.530022	944.749084
barcode
	1026.000000	54.000000	95.584961	950.829346
barcode
	1029.000000	54.000000	94.857864	947.909424
barcode, X`R
	1033.000000	54.000000	85.806145	947.756226
barcode
	1032.000000	60.000000	87.665825	934.940979
barcode
	1030.000000	55.000000	91.455826	950.183167
barcode
	1029.000000	70.000000	95.185913	920.777344
barcode
	1031.000000	63.000000	91.479881	937.901306
barcode
	1031.000000	54.000000	89.517372	951.746826
barcode
	1026.000000	52.000000	94.459770	954.255127
barcode
	1030.000000	56.000000	94.954994	943.621521
barcode, X`R
	1037.000000	55.000000	80.171379	944.493103
barcode, R`G
	1032.000000	34.000000	94.199326	992.139404
barcode, G`B
	1036.000000	21.000000	72.480446	1021.213196
barcode, B`X
	1030.000000	59.000000	80.674477	939.984497
barcode
	1031.000000	63.000000	93.343254	938.320740
barcode
	1031.000000	52.000000	89.959869	957.078796
barcode
	1026.000000	56.000000	93.788933	947.763977
barcode
	1030.000000	56.000000	94.433121	943.272644
barcode, X`R
	1033.000000	53.000000	85.867439	951.890442
barcode
	1033.000000	64.000000	86.252335	929.260620
barcode
	1031.000000	62.000000	86.574860	932.550842
barcode
	1032.000000	61.000000	91.005333	941.112915
barcode
	1031.000000	54.000000	88.937965	952.667297
barcode
	1026.000000	52.000000	94.071602	954.828735
barcode
	1029.000000	57.000000	94.308708	942.515259
barcode, X`R
	1033.000000	60.000000	84.986725	936.882629
barcode
	1032.000000	65.000000	87.188438	926.838623
barcode
	1031.000000	66.000000	87.313721	923.931885
barcode
	1031.000000	62.000000	92.209618	939.686157
barcode
	1030.000000	57.000000	88.813118	946.109314
barcode
	1025.000000	55.000000	95.888512	947.899902
barcode
	1029.000000	58.000000	94.490425	940.472412
barcode, X`R
	1032.000000	57.000000	87.098213	940.851929
barcode
	1032.000000	64.000000	86.717758	930.060913
barcode
	1030.000000	54.000000	90.839584	953.629517
barcode
	1028.000000	69.000000	94.312500	920.153320
barcode
	1031.000000	61.000000	91.054367	939.672241
barcode
	1030.000000	57.000000	89.149437	945.662170
barcode
	1025.000000	56.000000	93.777977	945.051147
barcode
	1030.000000	60.000000	93.134018	937.365356
barcode, X`R
	1036.000000	55.000000	80.956131	945.116211
barcode, R`G
	1031.000000	43.000000	95.341545	970.715332
barcode, G`B
	1036.000000	20.000000	71.952057	1024.751953
barcode, B`X
	1031.000000	63.000000	80.178368	933.822327
barcode
	1031.000000	59.000000	90.943863	942.437866
barcode
	1030.000000	56.000000	88.444420	948.085144
barcode
	1025.000000	54.000000	94.895279	949.164307
barcode
	1029.000000	57.000000	95.490417	941.593933
barcode, X`R
	1032.000000	66.000000	86.831276	924.829773
barcode
	1032.000000	67.000000	87.321815	924.426208
barcode
	1031.000000	68.000000	86.792610	920.680969
barcode
	1031.000000	62.000000	91.780807	938.338928
barcode
	1030.000000	54.000000	88.939461	951.714844
barcode
	1025.000000	58.000000	95.227364	942.883301
barcode
	1029.000000	59.000000	93.491623	938.696411
barcode, X`R
	1032.000000	62.000000	85.723312	932.325378
barcode
	1031.000000	68.000000	87.763458	922.044434
barcode
	1032.000000	72.000000	88.148834	914.168457
barcode
	1031.000000	63.000000	91.828781	935.658997
barcode
	1030.000000	56.000000	88.548569	948.912231
barcode
	1025.000000	54.000000	94.312126	950.985046
barcode
	1030.000000	56.000000	92.318413	943.333557
barcode, X`R
	1032.000000	62.000000	85.467209	933.194397
barcode
	1032.000000	66.000000	87.263771	927.161316
barcode
	1029.000000	54.000000	89.829521	950.704346
barcode
	1028.000000	67.000000	94.659760	921.784058
barcode
	1031.000000	62.000000	91.278717	938.177246
barcode
	1030.000000	54.000000	88.215607	951.377991
barcode
	1026.000000	55.000000	93.977455	948.285522
barcode
	1030.000000	59.000000	93.052505	938.908813
barcode, X`R
	1034.000000	68.000000	83.370102	919.504700
barcode, R`G
	1032.000000	42.000000	94.506477	976.155640
barcode, G`B
	1038.000000	33.000000	73.387054	996.595093
barcode, B`X
	1032.000000	67.000000	80.391228	923.548828
barcode
	1031.000000	62.000000	91.500748	938.861023
barcode
	1030.000000	53.000000	88.398712	954.463196
barcode
	1026.000000	51.000000	92.880753	957.664978
barcode
	1031.000000	57.000000	92.288589	943.142883
barcode, X`R
	1031.000000	66.000000	86.608833	922.964661
barcode
	1032.000000	65.000000	87.840454	927.051147
barcode
	1033.000000	67.000000	87.257256	922.381042
barcode
	1031.000000	59.000000	92.862961	943.964417
barcode
	1030.000000	55.000000	90.424988	949.168457
barcode
	1026.000000	55.000000	93.788872	947.415283
barcode
	1030.000000	59.000000	93.483086	939.715088
barcode, X`R
	1032.000000	67.000000	86.854301	920.671631
barcode
	1031.000000	63.000000	88.296143	931.322510
barcode
	1033.000000	60.000000	85.638046	935.225952
barcode
	1031.000000	60.000000	90.869583	941.250549
barcode
	1032.000000	57.000000	88.005493	945.881653
barcode
	1027.000000	54.000000	91.847366	950.703735
barcode
	1030.000000	57.000000	90.893684	944.191223
barcode, X`R
	1032.000000	69.000000	84.929871	917.230530
barcode
	1031.000000	67.000000	86.860146	925.210510
barcode
	1029.000000	55.000000	88.242706	949.132141
barcode
	1030.000000	64.000000	92.020401	928.715271
barcode
	1031.000000	60.000000	89.898613	941.744141
barcode
	1030.000000	58.000000	89.052490	945.107605
barcode
	1026.000000	57.000000	91.669098	944.821472
barcode
	1030.000000	58.000000	91.990234	942.175903
barcode, X`R
	1035.000000	68.000000	82.612518	918.056519
barcode, R`G
	1031.000000	41.000000	93.893272	979.627930
barcode, G`B
	1037.000000	26.000000	72.894615	1010.307983
barcode, B`X
	1032.000000	71.000000	79.838318	915.854309
barcode
	1030.000000	65.000000	91.621208	931.675049
barcode
	1029.000000	57.000000	88.985931	946.560486
barcode
	1027.000000	58.000000	91.263077	945.420776
barcode
	1030.000000	58.000000	92.432213	940.215454
barcode, X`R
	1032.000000	73.000000	85.868690	908.712097
barcode
	1030.000000	64.000000	87.403809	930.949646
barcode
	1032.000000	64.000000	85.578522	927.959839
barcode
	1031.000000	62.000000	90.132736	937.806458
barcode
	1030.000000	60.000000	87.157684	940.432495
barcode
	1027.000000	57.000000	90.202332	945.392395
barcode
	1030.000000	57.000000	90.805145	941.840088
barcode, X`R
	1032.000000	71.000000	85.176559	912.562378
barcode
	1031.000000	64.000000	87.217690	929.201904
barcode
	1032.000000	63.000000	84.789886	929.639954
barcode
	1031.000000	62.000000	91.019318	936.836243
barcode
	1029.000000	59.000000	88.302826	943.119019
barcode
	1026.000000	61.000000	92.171494	939.294373
barcode
	1030.000000	55.000000	91.181435	945.823608
barcode, X`R
	1033.000000	76.000000	85.153450	901.943054
barcode
	1030.000000	64.000000	87.500008	931.341003
barcode
	1030.000000	57.000000	87.043205	943.659729
barcode
	1030.000000	61.000000	92.535706	932.440125
barcode
	1030.000000	62.000000	92.588707	937.969299
barcode
	1029.000000	59.000000	89.817940	942.646423
barcode
	1026.000000	56.000000	92.251862	948.354004
barcode
	1030.000000	59.000000	91.459526	939.395264
barcode, X`R
	1034.000000	72.000000	82.114075	910.479065
barcode, R`G
	1032.000000	46.000000	94.249397	968.850098
barcode, G`B
	1037.000000	31.000000	73.663361	999.403748
barcode, B`X
	1031.000000	65.000000	80.145485	927.561279
barcode
	1030.000000	65.000000	91.772308	932.860168
barcode
	1029.000000	59.000000	89.492493	943.405518
barcode
	1025.000000	55.000000	94.138885	948.480347
barcode
	1030.000000	59.000000	91.133362	939.034485
barcode, X`R
	1034.000000	81.000000	83.464096	891.941833
barcode
	1030.000000	65.000000	88.687103	927.612915
barcode
	1032.000000	65.000000	85.721718	926.885376
barcode
	1030.000000	59.000000	91.086670	940.203918
barcode, X`R
	1033.000000	82.000000	84.505424	890.019470
barcode
	1030.000000	65.000000	89.072884	928.954590
barcode
	1032.000000	67.000000	85.187355	922.516296
barcode
	1031.000000	61.000000	90.272003	940.410706
barcode
	1029.000000	58.000000	90.003967	943.260498
barcode
	1026.000000	58.000000	92.843887	944.814392
barcode
	1030.000000	58.000000	91.062973	942.918152
barcode, X`R
	1033.000000	78.000000	84.470612	898.117126
barcode
	1029.000000	65.000000	90.103203	928.451294
barcode
	1029.000000	56.000000	88.221535	945.100525
barcode
	1032.000000	58.000000	89.782417	938.879761
barcode
	1031.000000	60.000000	91.124260	941.540649
barcode
	1028.000000	59.000000	90.093674	941.172729
barcode
	1027.000000	55.000000	92.091141	949.198669
