barcode
	1039.000000	0.000000	56.525410	915.923767
barcode
	1040.000000	0.000000	57.411251	928.273560
barcode
	1038.000000	0.000000	59.046219	931.813171
barcode
	1038.000000	1.000000	60.030235	905.033936
barcode, X`R
	1042.000000	24.000000	57.351902	857.171631
barcode, R`G
	1041.000000	9.000000	52.494835	899.731506
barcode, G`B
	1041.000000	0.000000	53.716057	915.416565
barcode, B`X
	1040.000000	0.000000	59.149048	922.201843
barcode
	1038.000000	0.000000	57.092018	922.697449
barcode
	1039.000000	0.000000	57.910500	931.097656
barcode
	1038.000000	0.000000	59.670650	934.287415
barcode
	1037.000000	2.000000	61.305420	903.342102
barcode
	1038.000000	7.000000	56.860455	892.276001
barcode
	1041.000000	0.000000	52.790306	921.454712
barcode, B`X
	1034.000000	2.000000	65.091522	902.790283
barcode
	1039.000000	0.000000	56.796799	923.047058
barcode
	1039.000000	0.000000	58.094048	929.402283
barcode
	1038.000000	0.000000	59.301804	936.232788
barcode
	1037.000000	2.000000	61.570744	902.294067
barcode
	1038.000000	5.000000	57.116558	896.116882
barcode
	1040.000000	0.000000	52.966694	919.860229
barcode, B`X
	1033.000000	4.000000	65.877632	898.142761
barcode
	1039.000000	0.000000	56.704197	920.066711
barcode
	1039.000000	0.000000	57.428707	926.209167
barcode
	1039.000000	0.000000	58.184753	945.302551
barcode
	1037.000000	2.000000	61.328445	902.030823
barcode
	1037.000000	9.000000	57.184200	889.699707
barcode
	1040.000000	0.000000	52.899319	918.789490
barcode
	1036.000000	7.000000	59.132965	891.704895
barcode, B`X
	1031.000000	10.000000	67.034599	885.781860
barcode
	1039.000000	0.000000	56.823055	923.050476
barcode
	1039.000000	0.000000	58.158699	925.287048
barcode
	1039.000000	0.000000	59.347153	941.932312
barcode
	1038.000000	3.000000	60.889965	900.949890
barcode, X`R
	1042.000000	22.000000	58.311394	861.306091
barcode, R`G
	1041.000000	9.000000	56.545174	888.662537
barcode, G`B
	1041.000000	0.000000	53.225372	924.549744
barcode, B`X
	1042.000000	0.000000	58.565212	915.613159
barcode
	1039.000000	0.000000	56.400375	924.100098
barcode
	1039.000000	0.000000	58.139462	926.898621
barcode
	1037.000000	0.000000	60.425083	932.972961
barcode
	1037.000000	3.000000	61.446785	900.435486
barcode
	1038.000000	11.000000	57.009132	884.288208
barcode
	1040.000000	0.000000	53.943256	905.759888
barcode, B`X
	1034.000000	1.000000	65.622101	902.200806
barcode
	1039.000000	0.000000	56.708458	917.100525
barcode
	1040.000000	0.000000	57.695827	928.820618
barcode
	1038.000000	0.000000	59.261280	933.350952
barcode
	1038.000000	2.000000	60.106014	903.127563
barcode
	1038.000000	11.000000	56.077717	884.752930
barcode
	1040.000000	0.000000	53.658585	905.180603
barcode, B`X
	1034.000000	2.000000	65.760628	902.102051
barcode
	1039.000000	0.000000	56.493847	921.622375
barcode
	1039.000000	0.000000	57.262016	923.661804
barcode
	1038.000000	0.000000	58.620594	937.752136
barcode
	1038.000000	2.000000	59.891422	902.384949
barcode
	1038.000000	7.000000	55.626057	893.883667
barcode
	1040.000000	0.000000	53.466148	905.161133
barcode
	1036.000000	7.000000	59.402328	891.273376
barcode, B`X
	1031.000000	9.000000	67.823586	886.017944
barcode
	1040.000000	0.000000	57.573441	919.076538
barcode
	1040.000000	0.000000	57.870510	928.121521
barcode
	1038.000000	0.000000	59.942719	930.073975
barcode
	1038.000000	4.000000	61.398434	899.217896
barcode, X`R
	1042.000000	17.000000	58.508598	871.288147
barcode, R`G
	1042.000000	11.000000	55.686832	885.726929
barcode, G`B
	1040.000000	0.000000	55.595840	914.299500
barcode, B`X
	1043.000000	0.000000	59.156368	905.313049
barcode
	1039.000000	0.000000	56.362717	928.620361
barcode
	1040.000000	0.000000	57.853622	927.943237
barcode
	1038.000000	0.000000	59.965710	940.767151
barcode
	1038.000000	3.000000	60.514656	901.423035
barcode
	1038.000000	9.000000	55.899998	889.254395
barcode
	1041.000000	1.000000	54.325272	902.661804
B`X, 
	1035.000000	0.000000	66.781776	956.323853
barcode
	1039.000000	0.000000	56.618240	920.259277
barcode
	1040.000000	0.000000	57.697361	925.010132
barcode
	1037.000000	0.000000	59.393440	931.915466
barcode
	1038.000000	6.000000	61.752411	895.184448
barcode
	1038.000000	7.000000	55.990135	892.469360
barcode
	1041.000000	0.000000	54.375504	909.637878
barcode, B`X
	1033.000000	0.000000	67.255157	909.523376
barcode
	1039.000000	0.000000	57.049381	918.431946
barcode
	1040.000000	0.000000	57.996754	927.386414
barcode
	1038.000000	0.000000	60.190510	927.081665
barcode
	1038.000000	6.000000	61.723667	893.927246
barcode
	1038.000000	4.000000	56.090660	898.294739
barcode
	1041.000000	0.000000	54.312748	907.849854
barcode
	1036.000000	7.000000	59.023010	891.811157
barcode, B`X
	1032.000000	2.000000	66.429962	901.371887
barcode
	1039.000000	0.000000	56.959011	920.953186
barcode
	1039.000000	0.000000	58.193443	926.422791
barcode
	1038.000000	0.000000	59.991306	930.916077
barcode
	1037.000000	3.000000	60.989479	900.280212
barcode, X`R
	1043.000000	18.000000	57.600166	869.885925
barcode, R`G
	1045.000000	14.000000	51.366577	889.704407
barcode, G`B
	1039.000000	0.000000	55.112289	968.204407
barcode, B`X
	1041.000000	0.000000	59.245560	907.980957
barcode
	1039.000000	0.000000	57.012646	918.145203
barcode
	1039.000000	0.000000	59.004101	919.423584
barcode
	1038.000000	0.000000	60.235191	922.778320
barcode
	1038.000000	5.000000	61.030624	896.250366
barcode
	1039.000000	8.000000	55.681461	890.654236
barcode
	1041.000000	4.000000	55.263763	897.390259
barcode, B`X
	1034.000000	0.000000	67.367630	907.037476
barcode
	1040.000000	0.000000	57.260513	908.888550
barcode
	1040.000000	0.000000	58.544781	917.271667
barcode
	1039.000000	0.000000	60.127136	923.247742
barcode
	1038.000000	7.000000	60.798054	893.089233
barcode
	1039.000000	9.000000	55.165039	889.106506
barcode
	1041.000000	2.000000	54.642704	900.643860
barcode, B`X
	1034.000000	0.000000	67.244492	906.353088
barcode
	1039.000000	0.000000	57.009624	919.201355
barcode
	1040.000000	0.000000	58.171833	919.309814
barcode
	1039.000000	0.000000	60.032192	923.841736
barcode
	1038.000000	6.000000	60.500237	893.889282
barcode
	1039.000000	5.000000	54.494381	896.546021
barcode
	1041.000000	1.000000	54.784119	902.461548
barcode
	1036.000000	4.000000	59.267567	896.424744
barcode, B`X
	1032.000000	0.000000	68.310379	907.167480
barcode
	1039.000000	0.000000	57.094273	925.212708
barcode
	1040.000000	0.000000	58.489719	922.495422
barcode
	1038.000000	0.000000	60.367756	925.903076
barcode
	1038.000000	4.000000	60.978970	898.253723
barcode, X`R
	1042.000000	17.000000	57.436558	870.178589
barcode, R`G
	1044.000000	15.000000	52.844749	887.382812
barcode, G`B
	1038.000000	0.000000	57.082378	966.979431
barcode, B`X
	1041.000000	1.000000	59.300793	903.451843
barcode
	1039.000000	0.000000	57.945015	912.701416
barcode
	1040.000000	0.000000	58.318405	923.307129
barcode
	1038.000000	0.000000	60.051189	930.404968
barcode
	1038.000000	9.000000	61.375546	889.477905
barcode
	1038.000000	4.000000	54.388420	898.846375
barcode
	1041.000000	4.000000	54.958977	896.674072
B`X, 
	1034.000000	0.000000	67.041794	963.536865
barcode
	1038.000000	0.000000	57.480804	918.691956
barcode
	1040.000000	0.000000	58.581135	915.764893
barcode
	1038.000000	0.000000	60.378677	907.085266
barcode
	1038.000000	9.000000	61.776058	888.475647
barcode
	1039.000000	3.000000	54.920864	900.464172
barcode
	1041.000000	1.000000	54.970570	903.227966
B`X, 
	1034.000000	0.000000	67.537155	967.090088
barcode
	1039.000000	0.000000	57.757526	918.399902
barcode
	1040.000000	0.000000	58.438667	921.055298
barcode
	1037.000000	0.000000	61.008862	907.321228
barcode
	1038.000000	9.000000	61.354694	889.344971
barcode
	1038.000000	2.000000	54.676838	901.769348
barcode
	1041.000000	5.000000	55.576187	895.114502
barcode
	1036.000000	5.000000	59.264580	894.499390
barcode, B`X
	1031.000000	0.000000	67.772270	910.851135
barcode
	1039.000000	0.000000	57.768040	915.182312
barcode
	1040.000000	0.000000	59.158440	911.813782
barcode
	1037.000000	4.000000	61.658894	897.627319
barcode
	1038.000000	9.000000	61.248459	889.642700
barcode, X`R
	1042.000000	17.000000	58.208000	870.807800
barcode, R`G
	1043.000000	22.000000	54.569298	873.936218
barcode, G`B
	1038.000000	0.000000	57.945641	957.997375
barcode, B`X
	1041.000000	0.000000	60.372955	916.044189
barcode
	1039.000000	0.000000	57.964882	918.268188
barcode
	1040.000000	0.000000	59.095181	912.043579
barcode
	1037.000000	0.000000	61.036640	906.269470
barcode
	1038.000000	10.000000	61.910870	887.352234
barcode
	1039.000000	4.000000	55.204060	899.150757
barcode
	1040.000000	11.000000	56.761826	883.030396
B`X, 
	1034.000000	0.000000	66.711929	968.693298
barcode
	1039.000000	0.000000	57.922932	919.433777
barcode
	1040.000000	0.000000	58.653481	917.266479
barcode
	1038.000000	0.000000	60.217186	908.073303
barcode
	1038.000000	9.000000	61.738831	889.064880
barcode
	1039.000000	4.000000	55.008045	899.124817
barcode
	1041.000000	10.000000	56.401581	885.831238
B`X, 
	1034.000000	0.000000	66.552528	961.543091
barcode
	1039.000000	0.000000	57.447781	919.461304
barcode
	1040.000000	0.000000	59.554771	910.889282
barcode
	1037.000000	7.000000	61.032974	890.852722
barcode
	1038.000000	9.000000	61.616333	888.125427
barcode
	1039.000000	4.000000	55.412849	898.046143
barcode
	1041.000000	11.000000	56.783871	883.048584
barcode
	1035.000000	4.000000	59.836712	896.187866
B`X, 
	1029.000000	0.000000	68.668877	940.374634
barcode
	1039.000000	0.000000	58.160915	919.971985
barcode
	1039.000000	0.000000	59.601543	916.867676
barcode
	1037.000000	7.000000	61.535652	891.871521
barcode
	1038.000000	9.000000	61.152283	889.052673
barcode, X`R
	1043.000000	17.000000	57.206047	871.734253
barcode, R`G
	1044.000000	20.000000	52.539543	878.112488
barcode, G`B
	1036.000000	0.000000	60.238888	947.551819
barcode, B`X
	1041.000000	0.000000	60.118683	904.097168
barcode
	1039.000000	0.000000	57.779007	913.327332
barcode
	1039.000000	0.000000	59.321594	916.505432
barcode
	1036.000000	5.000000	61.578117	897.047241
barcode
	1038.000000	10.000000	61.536049	886.883667
barcode
	1039.000000	6.000000	55.797653	893.752380
barcode
	1040.000000	13.000000	56.866653	879.368347
B`X, 
	1034.000000	0.000000	66.626366	960.381348
barcode
	1039.000000	0.000000	57.429852	918.851868
barcode
	1040.000000	0.000000	58.618279	917.865540
barcode
	1037.000000	7.000000	60.231636	892.212769
barcode
	1038.000000	11.000000	61.481232	885.516357
barcode
	1039.000000	9.000000	56.139324	888.881714
barcode
	1041.000000	19.000000	57.196114	867.642883
B`X, 
	1034.000000	0.000000	66.768013	951.335022
barcode
	1039.000000	0.000000	57.697685	915.741333
barcode
	1040.000000	0.000000	59.102261	910.111694
barcode
	1036.000000	9.000000	61.278290	887.741516
barcode
	1038.000000	10.000000	60.890499	887.060730
barcode
	1039.000000	11.000000	56.433727	883.344299
barcode
	1041.000000	14.000000	57.284737	876.665527
barcode
	1034.000000	5.000000	60.428261	895.211670
barcode
	1029.000000	9.000000	68.026871	886.826233
barcode
	1039.000000	0.000000	58.288105	918.943237
barcode
	1039.000000	0.000000	59.700554	922.896667
barcode
	1037.000000	9.000000	61.142529	888.869873
barcode
	1038.000000	9.000000	62.065960	888.408875
barcode, X`R
	1041.000000	18.000000	58.975601	869.760071
barcode, R`G
	1043.000000	11.000000	55.226242	895.560852
barcode, G`B
	1036.000000	0.000000	60.704891	935.520874
barcode, B`X
	1041.000000	5.000000	60.429962	895.761108
barcode
	1039.000000	0.000000	58.831856	914.973389
barcode
	1038.000000	0.000000	60.459145	915.573303
barcode
	1037.000000	11.000000	61.323769	883.319214
barcode
	1038.000000	11.000000	61.888691	885.101746
barcode
	1039.000000	3.000000	56.615555	900.255310
barcode
	1040.000000	15.000000	58.267281	876.623047
B`X, 
	1032.000000	0.000000	67.522514	950.033569
barcode
	1039.000000	0.000000	58.290054	917.639221
barcode
	1040.000000	0.000000	59.992207	910.887939
barcode
	1037.000000	12.000000	60.521263	883.228149
barcode
	1038.000000	12.000000	61.387081	883.572327
barcode
	1039.000000	3.000000	55.967686	901.196838
barcode
	1040.000000	12.000000	57.627857	880.550720
B`X, 
	1033.000000	0.000000	67.012909	954.731323
barcode
	1039.000000	0.000000	58.487885	915.947144
barcode
	1039.000000	0.000000	60.447472	913.532288
barcode
	1036.000000	7.000000	60.982533	893.110413
barcode
	1038.000000	9.000000	61.762970	890.169373
barcode
	1038.000000	3.000000	57.028721	901.709656
barcode
	1039.000000	14.000000	58.502193	877.241699
barcode
	1034.000000	2.000000	60.596981	900.470276
barcode
	1029.000000	9.000000	66.592537	887.090515
barcode
	1039.000000	0.000000	59.156662	911.561462
barcode
	1039.000000	0.000000	59.888908	914.198242
barcode
	1037.000000	9.000000	60.824627	887.852478
barcode
	1038.000000	9.000000	61.223366	888.725586
barcode, X`R
	1042.000000	19.000000	58.260796	868.046814
barcode, R`G
	1044.000000	18.000000	55.007751	880.625366
barcode, G`B
	1034.000000	0.000000	61.826893	923.871765
B`X, 
	1041.000000	0.000000	60.595993	906.675537
barcode
	1039.000000	0.000000	59.745735	911.050293
barcode
	1039.000000	0.000000	60.731934	912.609497
barcode
	1037.000000	7.000000	61.083927	892.767517
barcode
	1038.000000	10.000000	61.403366	886.634888
barcode
	1039.000000	8.000000	57.355499	890.396301
barcode
	1040.000000	17.000000	58.632439	871.543884
B`X, 
	1033.000000	0.000000	66.641319	954.500732
barcode
	1040.000000	0.000000	58.422211	912.846558
barcode
	1039.000000	0.000000	60.188858	911.279053
barcode
	1038.000000	11.000000	60.355732	885.399963
barcode
	1038.000000	10.000000	61.584236	887.184143
barcode
	1039.000000	8.000000	58.026634	891.182434
barcode
	1040.000000	19.000000	58.828259	868.274902
B`X, 
	1033.000000	0.000000	66.547623	946.082031
barcode
	1040.000000	0.000000	58.285019	918.168945
barcode
	1039.000000	0.000000	60.190514	913.509521
barcode
	1037.000000	7.000000	60.834846	892.724915
barcode
	1038.000000	9.000000	60.775059	889.830017
barcode
	1038.000000	5.000000	57.295658	896.314941
barcode
	1040.000000	17.000000	58.635506	871.636841
barcode
	1034.000000	4.000000	60.761410	896.866089
barcode
	1029.000000	20.000000	66.857315	866.657288
barcode
	1039.000000	0.000000	59.576790	913.527771
barcode
	1039.000000	0.000000	60.274029	918.179321
barcode
	1036.000000	12.000000	61.054264	884.048706
barcode
	1038.000000	10.000000	61.595486	887.711426
barcode, X`R
	1042.000000	18.000000	59.218704	871.193481
barcode, R`G
	1043.000000	13.000000	54.012135	891.474304
barcode, G`B
	1034.000000	1.000000	63.087524	916.719604
B`X, 
	1042.000000	2.000000	59.280483	901.404541
barcode
	1040.000000	0.000000	58.701298	919.566956
barcode
	1039.000000	0.000000	60.441414	914.950623
barcode
	1036.000000	8.000000	59.524200	891.891113
barcode
	1038.000000	10.000000	61.538780	888.185730
barcode
	1037.000000	6.000000	58.235348	894.410828
barcode
	1039.000000	15.000000	59.093109	876.993591
barcode
	1032.000000	12.000000	66.361275	881.881470
barcode
	1040.000000	0.000000	59.572365	912.732971
barcode
	1039.000000	0.000000	60.629391	920.230896
barcode
	1036.000000	11.000000	60.657536	886.794800
barcode
	1038.000000	11.000000	61.334789	885.944336
barcode
	1036.000000	11.000000	59.636974	883.908081
barcode
	1038.000000	15.000000	59.805481	875.197021
barcode
	1032.000000	8.000000	66.388916	891.042542
barcode
	1040.000000	0.000000	59.216362	915.888855
barcode
	1039.000000	0.000000	60.561138	918.813538
barcode
	1036.000000	8.000000	60.168327	891.317566
barcode
	1038.000000	10.000000	60.832420	887.568481
barcode
	1037.000000	6.000000	58.201931	893.944702
barcode
	1039.000000	13.000000	59.334690	881.382019
barcode
	1034.000000	2.000000	61.108582	900.890076
barcode
	1030.000000	25.000000	65.698181	856.569031
barcode
	1039.000000	0.000000	59.696018	921.932983
barcode
	1038.000000	0.000000	60.779442	924.762268
barcode
	1036.000000	5.000000	59.065392	897.402771
barcode
	1038.000000	10.000000	61.408287	887.003540
barcode, X`R
	1042.000000	12.000000	57.820671	881.386353
barcode, R`G
	1041.000000	9.000000	56.435707	900.189026
barcode, G`B
	1032.000000	5.000000	64.424561	908.567566
B`X, 
	1043.000000	6.000000	59.735115	905.197510
barcode
	1039.000000	0.000000	60.406994	910.233643
barcode
	1038.000000	0.000000	60.548351	918.064819
barcode
	1036.000000	8.000000	59.593018	893.235718
barcode
	1038.000000	11.000000	61.364979	886.252625
barcode
	1036.000000	9.000000	59.172573	888.355591
barcode
	1038.000000	11.000000	59.785683	883.511902
barcode
	1032.000000	13.000000	65.646935	880.104736
barcode
	1039.000000	0.000000	60.420650	914.805786
barcode
	1038.000000	0.000000	60.783089	920.820129
barcode
	1036.000000	7.000000	59.958145	894.629456
barcode
	1038.000000	11.000000	61.302052	886.245422
barcode
	1035.000000	9.000000	59.933235	888.480408
barcode
	1038.000000	11.000000	59.309700	883.528992
barcode
	1032.000000	16.000000	65.805359	875.184387
barcode
	1039.000000	0.000000	59.065739	923.140259
barcode
	1038.000000	0.000000	61.537750	913.695862
barcode
	1037.000000	7.000000	59.355873	894.469055
barcode
	1038.000000	10.000000	60.947506	888.003723
barcode
	1035.000000	10.000000	59.518291	886.823608
barcode
	1039.000000	10.000000	58.759777	885.855408
barcode
	1034.000000	1.000000	61.837234	903.628784
barcode
	1030.000000	31.000000	67.380257	844.647644
barcode
	1039.000000	0.000000	60.961082	922.276367
barcode
	1037.000000	0.000000	61.572746	922.713928
barcode
	1035.000000	6.000000	59.125416	897.499268
barcode
	1038.000000	9.000000	60.730862	888.895203
barcode, X`R
	1041.000000	25.000000	57.954453	856.628418
barcode, R`G
	1041.000000	14.000000	58.060207	890.162842
barcode, G`B
	1033.000000	10.000000	63.732864	899.324280
B`X, 
	1042.000000	0.000000	58.789249	906.594910
barcode
	1038.000000	0.000000	60.395458	920.566406
barcode
	1038.000000	0.000000	60.276440	926.334534
barcode
	1036.000000	1.000000	58.451733	907.253845
barcode
	1038.000000	10.000000	60.113617	886.780029
barcode
	1035.000000	14.000000	59.384293	878.292969
barcode
	1038.000000	9.000000	59.177025	889.400208
barcode
	1031.000000	15.000000	65.399521	877.254211
barcode
	1039.000000	0.000000	60.065094	919.806213
barcode
	1038.000000	0.000000	60.444008	922.787659
barcode
	1036.000000	0.000000	58.487583	908.720825
barcode
	1038.000000	8.000000	60.283054	891.421814
barcode
	1036.000000	10.000000	59.034210	886.442139
barcode
	1038.000000	9.000000	58.752300	888.724548
barcode
	1032.000000	18.000000	65.644943	870.171631
barcode
	1039.000000	0.000000	60.221745	925.669434
barcode
	1038.000000	0.000000	60.873878	928.328796
barcode
	1036.000000	0.000000	58.255272	908.335022
barcode
	1038.000000	8.000000	60.672184	891.750916
barcode
	1036.000000	13.000000	59.247967	882.068970
barcode
	1038.000000	5.000000	58.548626	897.450500
barcode
	1034.000000	0.000000	61.608376	904.956543
barcode
	1031.000000	35.000000	66.444191	837.194824
barcode
	1038.000000	0.000000	60.792652	922.473328
barcode
	1037.000000	0.000000	61.961967	919.539612
barcode
	1036.000000	5.000000	59.204575	898.042419
barcode
	1038.000000	8.000000	60.320263	891.551636
barcode, X`R
	1041.000000	19.000000	58.089394	868.715881
barcode, R`G
	1040.000000	9.000000	57.223785	900.021667
barcode, G`B
	1033.000000	7.000000	63.024567	903.889160
barcode, B`X
	1042.000000	0.000000	59.084423	908.817627
barcode
	1038.000000	0.000000	60.744267	919.024597
barcode
	1038.000000	0.000000	60.517395	923.397217
barcode
	1037.000000	12.000000	58.741528	885.928101
barcode
	1038.000000	9.000000	60.352463	889.120117
barcode
	1027.000000	38.000000	72.618065	845.753113
barcode
	1038.000000	8.000000	59.063023	891.695801
barcode
	1033.000000	20.000000	63.861523	866.784180
barcode
	1038.000000	0.000000	60.549740	923.798157
barcode
	1037.000000	0.000000	61.238365	921.772705
barcode
	1037.000000	6.000000	58.577820	895.969116
barcode
	1038.000000	9.000000	60.423080	890.106384
barcode
	1036.000000	10.000000	57.899586	886.893188
barcode
	1038.000000	5.000000	58.795746	896.621826
barcode
	1033.000000	13.000000	63.258041	880.384338
barcode
	1038.000000	0.000000	60.617573	926.752380
barcode
	1037.000000	0.000000	61.793037	920.120605
barcode
	1037.000000	6.000000	58.709530	896.158569
barcode
	1038.000000	9.000000	60.044239	889.262390
