barcode
	1042.000000	24.000000	65.482880	969.047546
barcode
	1042.000000	34.000000	64.683411	948.235352
barcode, RR`
	1040.000000	11.000000	63.755402	997.782104
barcode, GG`
	1045.000000	25.000000	65.532204	966.041504
barcode, BB`
	1043.000000	22.000000	64.552628	973.483459
barcode
	1043.000000	3.000000	63.042213	1009.434937
barcode
	1046.000000	35.000000	60.194279	944.984192
barcode
	1044.000000	12.000000	64.725319	990.155090
barcode
	1043.000000	24.000000	65.598022	968.709473
barcode
	1043.000000	34.000000	64.424957	948.442993
barcode
	1042.000000	22.000000	63.569607	973.196533
barcode
	1042.000000	38.000000	63.938141	944.751770
barcode
	1044.000000	11.000000	62.746998	993.603760
barcode
	1045.000000	30.000000	61.492401	953.619812
barcode
	1044.000000	11.000000	64.741539	991.852722
barcode
	1043.000000	22.000000	65.054321	972.835510
barcode
	1042.000000	33.000000	65.273956	951.077637
barcode
	1042.000000	20.000000	63.867958	977.464417
barcode
	1043.000000	30.000000	63.665077	958.076965
barcode
	1046.000000	10.000000	61.889091	996.155884
barcode
	1046.000000	23.000000	61.565407	965.462708
barcode
	1044.000000	7.000000	64.404976	999.775330
barcode
	1044.000000	20.000000	64.320663	974.566223
barcode
	1044.000000	31.000000	63.494247	953.762329
barcode
	1044.000000	16.000000	63.399689	983.629517
barcode
	1042.000000	32.000000	64.467415	954.929321
barcode
	1040.000000	2.000000	65.018021	1011.991760
barcode
	1045.000000	15.000000	62.448963	986.436890
barcode
	1046.000000	27.000000	61.951847	959.513000
barcode
	1043.000000	9.000000	65.009659	994.913574
barcode
	1043.000000	21.000000	64.510735	974.444580
barcode
	1045.000000	32.000000	62.575844	952.158508
barcode, RR`
	1043.000000	10.000000	62.229309	999.878540
barcode, GG`
	1047.000000	24.000000	63.463982	966.122803
barcode, BB`
	1046.000000	32.000000	63.038219	954.856628
barcode
	1046.000000	0.000000	60.094963	1016.208801
barcode
	1046.000000	27.000000	61.561172	959.245178
barcode
	1043.000000	12.000000	65.015198	989.939514
barcode
	1043.000000	23.000000	64.631813	969.950317
barcode
	1044.000000	29.000000	62.868797	956.761292
barcode
	1043.000000	12.000000	62.944294	991.843750
barcode
	1043.000000	32.000000	63.019958	954.237854
barcode
	1046.000000	13.000000	61.520920	990.416382
barcode
	1046.000000	24.000000	61.146626	964.990112
barcode
	1043.000000	9.000000	65.789635	995.157532
barcode
	1043.000000	20.000000	63.784302	974.715637
barcode
	1044.000000	31.000000	63.345753	952.676453
barcode
	1044.000000	18.000000	63.585793	980.835083
barcode
	1043.000000	35.000000	62.975986	948.098938
barcode
	1046.000000	12.000000	61.600170	991.439453
barcode
	1045.000000	26.000000	60.962341	962.127136
barcode
	1042.000000	8.000000	64.892944	997.501587
barcode
	1043.000000	23.000000	64.911652	970.278503
barcode
	1044.000000	31.000000	62.650051	953.347656
barcode
	1044.000000	14.000000	61.722507	987.157043
barcode
	1043.000000	34.000000	61.853142	951.455566
barcode
	1042.000000	4.000000	64.747337	1007.661682
barcode
	1046.000000	16.000000	61.177338	984.190552
barcode
	1046.000000	24.000000	61.168907	966.125183
barcode
	1042.000000	10.000000	66.128685	994.684326
barcode
	1043.000000	21.000000	63.773705	974.208008
barcode
	1044.000000	38.000000	62.996056	940.666016
barcode, RR`
	1043.000000	15.000000	61.824066	988.630371
barcode, GG`
	1047.000000	21.000000	62.742554	970.172546
barcode, BB`
	1045.000000	31.000000	61.525539	957.388550
barcode
	1046.000000	0.000000	59.534649	1016.514954
barcode
	1045.000000	22.000000	60.301010	969.396606
barcode
	1042.000000	10.000000	64.872955	993.651367
barcode
	1043.000000	19.000000	63.252388	978.354248
barcode
	1044.000000	29.000000	61.927830	957.573364
barcode
	1044.000000	13.000000	61.387196	991.114075
barcode
	1044.000000	32.000000	61.554001	954.187134
barcode
	1045.000000	10.000000	61.955059	995.880432
barcode
	1045.000000	23.000000	59.574745	967.061401
barcode
	1043.000000	8.000000	64.482513	997.792480
barcode
	1043.000000	21.000000	63.847095	973.038330
barcode
	1044.000000	29.000000	62.134300	956.682373
barcode
	1044.000000	16.000000	60.799271	982.479065
barcode
	1043.000000	31.000000	61.541340	955.467957
barcode
	1045.000000	9.000000	61.160522	997.501160
barcode
	1046.000000	22.000000	59.699772	969.288025
barcode
	1042.000000	6.000000	65.291649	1000.593018
barcode
	1043.000000	20.000000	63.084084	975.450073
barcode
	1044.000000	31.000000	62.282516	953.151978
barcode
	1044.000000	13.000000	60.940491	989.532654
barcode
	1044.000000	30.000000	61.665787	958.190186
barcode
	1043.000000	9.000000	63.984276	997.181335
barcode
	1045.000000	17.000000	61.018932	982.201416
barcode
	1045.000000	17.000000	60.456131	978.224915
barcode
	1042.000000	8.000000	65.592766	996.777039
barcode
	1044.000000	17.000000	62.797882	981.404724
barcode
	1045.000000	27.000000	61.099327	959.838196
barcode, RR`
	1044.000000	22.000000	59.199909	974.542664
barcode, GG`
	1047.000000	29.000000	59.898609	953.462219
barcode, BB`
	1043.000000	31.000000	60.353474	957.500427
barcode
	1049.000000	0.000000	56.073040	1019.809143
barcode
	1045.000000	16.000000	60.004478	980.793091
barcode
	1042.000000	5.000000	64.536377	1002.624023
barcode
	1043.000000	17.000000	62.686821	980.571777
barcode
	1045.000000	25.000000	60.476204	964.097839
barcode
	1044.000000	11.000000	61.135696	993.906189
barcode
	1044.000000	27.000000	60.310055	964.807251
barcode
	1046.000000	8.000000	59.894962	999.015198
barcode
	1045.000000	19.000000	59.378952	974.377441
barcode
	1042.000000	6.000000	64.293747	1000.677185
barcode
	1043.000000	18.000000	62.213516	980.050537
barcode
	1045.000000	26.000000	60.629459	961.137146
barcode
	1045.000000	12.000000	60.041862	991.300476
barcode
	1046.000000	27.000000	58.710632	963.247742
barcode
	1046.000000	10.000000	59.564926	994.214783
barcode
	1046.000000	18.000000	59.756355	977.349182
barcode
	1043.000000	12.000000	64.293961	990.709534
barcode
	1044.000000	23.000000	61.149986	970.022705
barcode
	1046.000000	25.000000	59.529491	962.632507
barcode
	1046.000000	12.000000	60.214592	992.012817
barcode
	1048.000000	23.000000	58.204342	971.233948
barcode
	1047.000000	15.000000	61.651882	985.163513
barcode
	1048.000000	22.000000	59.181957	972.546021
barcode
	1047.000000	19.000000	58.755882	975.449768
barcode
	1042.000000	6.000000	64.749779	1002.437073
barcode
	1043.000000	22.000000	62.902279	972.759949
barcode
	1045.000000	27.000000	60.711994	960.918823
barcode, RR`
	1045.000000	21.000000	57.738907	976.798035
barcode, GG`
	1047.000000	28.000000	57.698654	954.304871
barcode, BB`
	1040.000000	25.000000	62.078548	970.217651
barcode
	1047.000000	3.000000	57.747463	1009.155029
barcode
	1044.000000	16.000000	59.637482	981.755615
barcode
	1042.000000	9.000000	64.013275	995.808350
barcode
	1043.000000	24.000000	63.182724	968.013733
barcode
	1045.000000	33.000000	61.420048	949.804810
barcode
	1044.000000	17.000000	60.418804	982.502930
barcode
	1045.000000	21.000000	59.819164	974.884460
barcode
	1046.000000	4.000000	59.032417	1007.324951
barcode
	1046.000000	15.000000	59.387451	984.050659
barcode
	1044.000000	8.000000	62.761139	996.938416
barcode
	1044.000000	22.000000	60.992638	971.987610
barcode
	1047.000000	25.000000	59.161263	962.642944
barcode
	1046.000000	22.000000	58.167076	971.578674
barcode
	1046.000000	31.000000	58.298016	953.834106
barcode
	1047.000000	9.000000	58.260178	997.157104
barcode
	1045.000000	15.000000	59.224213	982.933472
barcode
	1044.000000	11.000000	62.773476	992.116211
barcode
	1044.000000	24.000000	61.331161	967.753784
barcode
	1047.000000	25.000000	59.310192	964.172485
barcode
	1046.000000	18.000000	58.951763	978.348511
barcode
	1049.000000	27.000000	56.554184	960.755432
barcode
	1048.000000	16.000000	59.654583	980.883057
barcode
	1048.000000	14.000000	58.295731	988.076233
barcode
	1045.000000	17.000000	59.432255	979.132202
barcode
	1043.000000	8.000000	63.270893	997.378906
barcode
	1043.000000	25.000000	62.514267	967.528748
barcode
	1046.000000	25.000000	59.965073	964.341187
barcode, X`R
	1049.000000	14.000000	57.179390	990.682861
barcode, R`G
	1048.000000	18.000000	56.933632	980.166199
barcode, G`B
	1042.000000	20.000000	60.040363	979.454895
barcode, B`X
	1046.000000	5.000000	60.053932	1005.309509
barcode
	1043.000000	21.000000	60.776741	973.155640
barcode
	1043.000000	8.000000	63.038605	998.867432
barcode
	1044.000000	20.000000	61.919769	976.591675
barcode
	1046.000000	30.000000	60.628281	953.970642
barcode
	1044.000000	15.000000	59.757656	986.163330
barcode
	1047.000000	23.000000	58.040340	971.300171
barcode
	1048.000000	5.000000	59.376572	1004.498718
barcode
	1045.000000	18.000000	59.050900	977.160278
barcode
	1044.000000	7.000000	60.646740	999.385986
barcode
	1044.000000	21.000000	61.154457	973.101807
barcode
	1047.000000	24.000000	58.710846	965.698364
barcode
	1046.000000	20.000000	59.927269	975.903564
barcode
	1049.000000	26.000000	56.276875	965.725403
barcode, B`X
	1048.000000	6.000000	58.966022	1003.673218
barcode
	1045.000000	20.000000	58.696239	974.477112
barcode
	1044.000000	8.000000	60.042416	996.743164
barcode
	1045.000000	22.000000	60.854366	972.709595
barcode
	1048.000000	29.000000	59.243538	956.639038
barcode
	1045.000000	15.000000	58.306877	985.663940
barcode
	1046.000000	28.000000	57.873508	964.178589
barcode
	1045.000000	22.000000	60.066963	971.075623
barcode
	1046.000000	7.000000	60.396538	1002.057251
barcode
	1043.000000	24.000000	60.298061	965.686035
barcode
	1043.000000	9.000000	61.561974	995.784241
barcode
	1044.000000	19.000000	61.579636	977.822327
barcode
	1047.000000	27.000000	59.908295	959.801697
barcode, X`R
	1049.000000	20.000000	58.602783	977.331238
barcode, R`G
	1051.000000	25.000000	55.295715	967.944397
barcode, G`B
	1044.000000	15.000000	57.625923	988.888794
barcode, B`X
	1050.000000	17.000000	59.289013	981.840332
barcode
	1045.000000	24.000000	59.184406	966.510925
barcode
	1045.000000	7.000000	60.458958	998.724548
barcode
	1044.000000	19.000000	61.787308	978.026611
barcode
	1049.000000	28.000000	58.633461	957.413879
barcode
	1044.000000	18.000000	58.241669	980.849976
barcode
	1046.000000	28.000000	57.298023	963.845886
barcode, B`X
	1046.000000	2.000000	59.900536	1012.646057
barcode
	1044.000000	25.000000	59.289001	963.398438
barcode
	1043.000000	9.000000	60.304329	995.901428
barcode
	1044.000000	22.000000	61.695099	972.770813
barcode
	1048.000000	29.000000	59.302708	957.544434
barcode
	1044.000000	19.000000	58.472237	977.692688
barcode
	1045.000000	26.000000	57.594212	966.972046
barcode, B`X
	1046.000000	13.000000	60.325542	991.120544
barcode
	1045.000000	27.000000	58.931015	958.738770
barcode
	1044.000000	10.000000	60.271061	993.610657
barcode
	1044.000000	24.000000	62.281738	967.264465
barcode
	1048.000000	26.000000	59.035927	963.363159
barcode
	1045.000000	24.000000	59.175579	968.134705
barcode
	1048.000000	28.000000	57.102417	962.451904
barcode
	1046.000000	25.000000	59.355858	962.663574
barcode, B`X
	1044.000000	20.000000	61.678310	976.739624
barcode
	1044.000000	23.000000	59.225777	968.614807
barcode
	1044.000000	10.000000	59.889198	993.745178
barcode
	1044.000000	25.000000	61.801155	965.304138
barcode
	1048.000000	25.000000	58.359352	963.405640
barcode, X`R
	1050.000000	28.000000	58.313004	959.289795
barcode, R`G
	1052.000000	25.000000	54.225761	967.049194
barcode, G`B
	1047.000000	2.000000	56.652889	1013.628845
barcode, B`X
	1049.000000	18.000000	59.307819	978.444763
barcode
	1044.000000	24.000000	58.856392	966.112549
barcode
	1044.000000	9.000000	59.300907	996.577637
barcode
	1044.000000	22.000000	61.381260	971.432129
barcode
	1048.000000	22.000000	58.478718	969.621643
barcode
	1045.000000	23.000000	58.614025	969.411255
barcode
	1049.000000	29.000000	56.019474	958.425293
barcode, B`X
	1046.000000	14.000000	59.572784	986.917969
barcode
	1045.000000	27.000000	58.486336	959.084167
barcode
	1045.000000	13.000000	58.608250	988.776733
barcode
	1044.000000	27.000000	61.746620	960.199890
barcode
	1048.000000	25.000000	58.515976	964.180542
barcode
	1046.000000	26.000000	56.979000	964.955933
barcode
	1048.000000	29.000000	56.715630	959.453552
barcode, B`X
	1046.000000	17.000000	59.969627	982.102356
barcode
	1045.000000	27.000000	58.666531	960.086853
barcode
	1044.000000	13.000000	58.996090	988.293091
barcode
	1044.000000	28.000000	61.294514	958.604004
barcode
	1048.000000	23.000000	57.986668	967.964966
barcode
	1047.000000	23.000000	56.717110	969.674988
barcode
	1049.000000	25.000000	56.072639	967.707214
barcode
	1047.000000	33.000000	58.865795	947.390869
barcode, B`X
	1044.000000	30.000000	61.709404	955.563599
barcode
	1044.000000	22.000000	59.340675	970.478760
barcode
	1043.000000	13.000000	60.471161	988.683167
barcode
	1044.000000	20.000000	62.346703	975.452393
barcode
	1049.000000	25.000000	58.808250	964.747925
barcode, X`R
	1050.000000	10.000000	58.594189	994.656311
barcode, R`G
	1053.000000	26.000000	54.025005	963.372253
barcode, G`B
	1048.000000	6.000000	56.412270	1003.072693
barcode, B`X
	1050.000000	23.000000	59.294655	967.042175
barcode
	1046.000000	28.000000	58.751404	956.640686
barcode
	1045.000000	16.000000	58.101456	982.494324
barcode
	1045.000000	28.000000	61.609463	958.675659
barcode
	1049.000000	25.000000	58.291016	964.344971
barcode
	1046.000000	26.000000	56.736282	963.770874
barcode
	1048.000000	28.000000	56.303257	962.136230
barcode, B`X
	1046.000000	18.000000	60.173386	980.814697
barcode
	1046.000000	26.000000	57.638359	961.199890
barcode
	1045.000000	15.000000	58.315643	983.277222
barcode
	1045.000000	27.000000	61.462547	960.206421
barcode
	1050.000000	21.000000	57.883789	970.341187
barcode
	1048.000000	25.000000	55.622566	966.477966
barcode
	1049.000000	29.000000	55.936752	959.940308
barcode, B`X
	1047.000000	22.000000	60.850582	972.954163
barcode
	1047.000000	28.000000	57.807793	957.004456
barcode
	1047.000000	15.000000	56.178257	985.367859
barcode
	1045.000000	29.000000	61.380371	957.207886
barcode
	1050.000000	26.000000	58.238800	961.169495
barcode
	1046.000000	28.000000	55.914768	960.525879
barcode
	1047.000000	30.000000	56.407005	958.935547
barcode
	1045.000000	33.000000	59.392471	946.859436
barcode, B`X
	1043.000000	23.000000	62.285736	969.947449
barcode
	1045.000000	27.000000	59.303692	958.306946
barcode
	1045.000000	21.000000	59.028728	972.146667
barcode
	1043.000000	25.000000	63.177288	963.057190
barcode
	1049.000000	26.000000	57.908478	961.417419
barcode, X`R
	1049.000000	3.000000	60.456963	1007.911804
barcode, R`G
	1053.000000	28.000000	54.201828	960.444092
barcode, G`B
	1047.000000	4.000000	56.544762	1007.252075
barcode, B`X
	1050.000000	31.000000	60.385288	952.224792
barcode
	1048.000000	27.000000	56.939522	959.946777
barcode
	1046.000000	21.000000	58.455956	971.936951
barcode
	1044.000000	29.000000	63.126720	956.208069
barcode
	1049.000000	19.000000	58.337646	975.265320
barcode
	1046.000000	27.000000	55.983345	962.766907
barcode
	1047.000000	26.000000	57.073669	965.846375
barcode, B`X
	1046.000000	19.000000	60.656662	978.379395
barcode
	1047.000000	29.000000	56.911598	955.621033
barcode
	1046.000000	21.000000	57.863945	971.446777
barcode
	1044.000000	33.000000	62.663082	948.438171
barcode
	1049.000000	21.000000	57.872681	971.985474
barcode
	1047.000000	26.000000	54.957325	962.780334
barcode
	1049.000000	29.000000	55.196484	959.123474
barcode, B`X
	1049.000000	19.000000	59.469284	977.950989
barcode
	1048.000000	31.000000	55.659336	951.168701
barcode
	1048.000000	26.000000	56.232601	961.788757
barcode
	1045.000000	31.000000	62.143127	950.490784
barcode
	1049.000000	23.000000	56.740181	968.503601
barcode
	1045.000000	25.000000	53.786694	964.874207
barcode
	1045.000000	33.000000	57.196609	950.601990
barcode
	1045.000000	32.000000	59.621487	947.671082
barcode, B`X
	1044.000000	23.000000	61.916199	968.781799
barcode
	1046.000000	28.000000	58.282158	956.121094
barcode
	1045.000000	28.000000	60.082569	956.085876
barcode
	1044.000000	22.000000	62.186981	969.553955
barcode
	1049.000000	24.000000	57.507904	965.967163
barcode, X`R
	1049.000000	0.000000	59.689339	1032.912354
barcode, R`G
	1053.000000	19.000000	53.956890	975.112732
barcode, G`B
	1048.000000	1.000000	56.277950	1011.910217
barcode, B`X
	1050.000000	33.000000	61.548409	948.297241
barcode
	1047.000000	30.000000	56.813335	952.380310
barcode
	1046.000000	27.000000	58.494881	957.722229
barcode
	1044.000000	32.000000	62.718056	947.819946
barcode
	1049.000000	24.000000	58.063267	964.871765
barcode
	1046.000000	25.000000	54.355549	965.514099
barcode
	1046.000000	34.000000	58.689568	951.077209
barcode, B`X
	1046.000000	26.000000	62.114784	964.779663
barcode
	1048.000000	30.000000	56.425346	952.868896
barcode
	1046.000000	25.000000	58.284489	962.861877
barcode
	1044.000000	35.000000	62.551182	942.096252
barcode
	1049.000000	21.000000	57.904732	971.113770
barcode
	1047.000000	21.000000	53.345272	972.528992
barcode
	1047.000000	31.000000	57.424438	955.753784
barcode, B`X
	1046.000000	22.000000	61.384277	971.578430
barcode
	1048.000000	27.000000	55.571205	957.777161
barcode
	1047.000000	27.000000	57.849030	957.766968
barcode
	1045.000000	39.000000	62.264450	935.656677
barcode
	1050.000000	24.000000	57.338032	965.877869
barcode
	1047.000000	23.000000	53.265789	968.618713
barcode
	1047.000000	33.000000	56.312771	952.567993
barcode
	1047.000000	29.000000	58.768467	954.400696
barcode, B`X
	1044.000000	36.000000	61.230827	942.216003
barcode
	1048.000000	32.000000	56.032578	948.032349
barcode
	1047.000000	26.000000	58.123657	959.392273
barcode
	1045.000000	41.000000	62.276688	930.194763
barcode
	1050.000000	22.000000	56.824627	969.242676
barcode, X`R
	1050.000000	0.000000	59.774338	1043.451782
barcode, R`G
	1053.000000	23.000000	53.858093	967.904114
barcode, G`B
	1049.000000	1.000000	56.875504	1012.918091
barcode, B`X
	1050.000000	36.000000	60.242901	942.428528
barcode
	1048.000000	31.000000	56.304657	950.724121
barcode
	1046.000000	25.000000	58.383385	961.839844
barcode
	1045.000000	41.000000	62.345501	930.471741
barcode
	1050.000000	26.000000	56.997574	961.167725
barcode
	1046.000000	27.000000	54.266266	961.266846
barcode
	1044.000000	44.000000	60.189121	929.922913
barcode, B`X
	1047.000000	22.000000	61.613224	971.956177
barcode
	1048.000000	32.000000	55.841400	948.507446
barcode
	1047.000000	33.000000	58.816559	945.576782
barcode
	1044.000000	45.000000	62.505756	922.836365
barcode
	1050.000000	27.000000	57.736305	959.760803
