barcode
	1058.000000	0.000000	62.319767	1056.023804
barcode
	1059.000000	0.000000	64.855560	1075.286255
barcode
	1059.000000	0.000000	62.410126	1080.000000
barcode
	1064.000000	0.000000	57.242699	1072.270996
barcode, X`R
	1062.000000	12.000000	58.062214	1034.654663
barcode
	1062.000000	7.000000	63.819767	1043.243774
barcode
	1062.000000	11.000000	60.287163	1041.946289
barcode
	1057.000000	0.000000	65.328232	1060.992432
barcode
	1060.000000	0.000000	64.035400	1073.974731
barcode
	1059.000000	0.000000	62.842125	1080.000000
barcode
	1064.000000	0.000000	57.924179	1072.771973
barcode, X`R
	1061.000000	14.000000	58.087376	1028.458496
barcode
	1061.000000	9.000000	63.587166	1040.968140
barcode
	1061.000000	8.000000	60.255611	1046.374390
barcode
	1057.000000	0.000000	64.771263	1064.373657
barcode
	1058.000000	0.000000	63.678295	1065.858643
barcode
	1059.000000	0.000000	61.315018	1080.000000
barcode
	1064.000000	0.000000	57.172443	1076.547729
barcode, X`R
	1060.000000	12.000000	58.168377	1033.958984
barcode
	1061.000000	7.000000	64.272881	1044.466187
barcode
	1062.000000	3.000000	62.013359	1053.179565
barcode
	1054.000000	19.000000	70.523811	1016.136963
barcode
	1057.000000	0.000000	64.389786	1059.252686
barcode
	1059.000000	0.000000	62.333721	1072.824585
barcode
	1058.000000	0.000000	60.913498	1080.000000
barcode
	1064.000000	0.000000	57.379871	1068.779175
barcode, X`R
	1063.000000	17.000000	55.920300	1026.362671
barcode, R`G
	1056.000000	0.000000	69.757133	1063.173462
barcode, G`B
	1058.000000	0.000000	61.483734	1080.000000
barcode, B`X
	1063.000000	13.000000	61.625992	1032.588379
barcode
	1059.000000	0.000000	61.502159	1061.842529
barcode
	1060.000000	0.000000	62.295376	1072.473145
barcode
	1060.000000	0.000000	59.516960	1080.000000
barcode
	1064.000000	0.000000	57.100399	1064.381714
barcode, X`R
	1062.000000	24.000000	56.493034	1009.058350
barcode
	1061.000000	11.000000	63.064236	1034.845581
barcode
	1062.000000	16.000000	59.381870	1029.588989
barcode
	1058.000000	0.000000	63.382336	1064.749268
barcode
	1061.000000	0.000000	61.534653	1066.724976
barcode
	1061.000000	0.000000	58.272003	1080.000000
barcode
	1064.000000	0.000000	56.398136	1068.401855
barcode, X`R
	1062.000000	24.000000	56.633793	1009.917114
barcode
	1060.000000	13.000000	64.603043	1031.499390
barcode
	1063.000000	32.000000	57.939861	1001.270691
barcode
	1059.000000	0.000000	63.184326	1067.792847
barcode
	1061.000000	0.000000	62.640232	1069.439819
barcode
	1062.000000	0.000000	57.944649	1080.000000
barcode
	1064.000000	0.000000	55.512886	1059.368774
barcode, X`R
	1061.000000	23.000000	56.068417	1011.482605
barcode
	1062.000000	8.000000	62.313873	1040.088013
barcode
	1062.000000	0.000000	59.759075	1063.114136
barcode
	1056.000000	13.000000	66.720360	1029.037842
barcode
	1059.000000	0.000000	61.418510	1071.229248
barcode
	1061.000000	0.000000	60.914417	1067.086060
barcode
	1062.000000	0.000000	56.693142	1080.000000
barcode
	1065.000000	2.000000	54.173096	1057.991211
barcode, X`R
	1063.000000	12.000000	54.418808	1036.987183
barcode, R`G
	1059.000000	11.000000	63.484562	1037.484253
barcode, G`B
	1059.000000	0.000000	62.617306	1080.000000
barcode, B`X
	1064.000000	7.000000	59.955009	1043.216309
barcode
	1060.000000	0.000000	60.557522	1067.738647
barcode, R`G
	1062.000000	11.000000	65.042152	1037.253418
barcode
	1063.000000	0.000000	58.214195	1079.307617
barcode
	1059.000000	10.000000	63.573090	1034.959473
barcode
	1061.000000	0.000000	58.863380	1063.703003
barcode
	1062.000000	5.000000	63.517792	1045.068237
barcode
	1062.000000	10.000000	59.676693	1039.974121
barcode
	1059.000000	0.000000	62.611965	1064.904175
barcode
	1061.000000	0.000000	59.656601	1068.884644
barcode
	1062.000000	0.000000	57.732323	1080.000000
barcode
	1064.000000	1.000000	56.487518	1058.299683
barcode, X`R
	1063.000000	19.000000	56.244568	1020.122742
barcode
	1061.000000	8.000000	65.095535	1041.420776
barcode
	1062.000000	15.000000	60.728359	1028.564087
barcode
	1058.000000	0.000000	61.454681	1057.858521
barcode
	1060.000000	0.000000	60.963100	1065.183716
barcode
	1061.000000	0.000000	57.578213	1080.000000
barcode
	1063.000000	5.000000	56.187828	1050.768433
barcode, X`R
	1062.000000	14.000000	54.788998	1031.665405
barcode
	1061.000000	7.000000	63.683960	1043.029419
barcode
	1061.000000	0.000000	60.972832	1080.000000
barcode
	1053.000000	0.000000	72.995308	1067.050537
barcode
	1057.000000	0.000000	63.178318	1055.302612
barcode
	1060.000000	0.000000	59.865040	1062.326050
barcode
	1060.000000	0.000000	58.170250	1076.735352
barcode
	1063.000000	9.000000	56.235806	1044.235352
barcode, X`R
	1063.000000	7.000000	55.200493	1048.769775
barcode, RR`
	1062.000000	13.000000	59.839123	1032.166748
barcode, GG`, G`B
	1060.000000	0.000000	63.091206	1067.159058
barcode, B`X
	1063.000000	0.000000	58.995827	1058.130371
barcode
	1060.000000	0.000000	60.533939	1080.000000
barcode
	1060.000000	0.000000	59.041649	1071.419678
barcode, R`G
	1068.000000	1.000000	59.477161	1060.851196
barcode
	1064.000000	9.000000	57.374668	1041.335083
barcode, X`R
	1064.000000	9.000000	54.019913	1044.073730
barcode
	1061.000000	6.000000	63.580620	1042.499146
barcode
	1062.000000	11.000000	60.671326	1036.343506
barcode
	1058.000000	0.000000	61.671818	1055.139893
barcode
	1060.000000	0.000000	58.537216	1059.274536
barcode
	1062.000000	0.000000	56.780640	1076.752930
barcode
	1062.000000	30.000000	57.100437	1004.993469
barcode, X`R
	1068.000000	0.000000	51.072773	1080.000000
barcode
	1061.000000	9.000000	62.488205	1037.835693
barcode
	1061.000000	3.000000	60.847771	1051.047241
barcode
	1057.000000	3.000000	62.994282	1050.109131
barcode
	1058.000000	5.000000	61.615269	1050.181274
barcode
	1061.000000	0.000000	57.342812	1068.081177
barcode
	1063.000000	8.000000	56.241310	1045.167969
barcode, X`R
	1065.000000	5.000000	51.901367	1051.448364
barcode
	1061.000000	3.000000	63.705452	1050.022583
barcode
	1060.000000	0.000000	62.052246	1080.000000
barcode
	1054.000000	0.000000	70.834305	1061.960693
barcode
	1057.000000	2.000000	62.303360	1051.629639
barcode
	1058.000000	0.000000	61.752068	1059.023926
barcode
	1062.000000	0.000000	57.542809	1063.689087
barcode
	1064.000000	12.000000	55.931515	1036.504517
barcode, X`R
	1064.000000	8.000000	53.100544	1046.862305
barcode, RR`
	1062.000000	25.000000	56.099598	1006.670898
barcode, GG`
	1054.000000	24.000000	66.956970	1008.228210
barcode, BB`
	1062.000000	0.000000	58.936478	1080.000000
barcode
	1059.000000	0.000000	62.340759	1080.000000
barcode
	1057.000000	0.000000	62.624161	1058.665771
barcode
	1060.000000	0.000000	58.207664	1072.822266
barcode
	1063.000000	4.000000	58.218769	1053.121460
barcode, X`R
	1065.000000	0.000000	52.508110	1062.192261
barcode
	1061.000000	0.000000	64.017921	1058.310913
barcode
	1061.000000	1.000000	61.211300	1053.484375
barcode
	1057.000000	2.000000	62.493244	1053.041626
barcode
	1058.000000	0.000000	61.672646	1056.675903
barcode
	1062.000000	0.000000	57.032154	1069.052124
barcode
	1064.000000	10.000000	57.050419	1041.541138
barcode
	1065.000000	12.000000	52.419384	1038.130127
barcode
	1061.000000	0.000000	63.448719	1059.679077
barcode
	1061.000000	6.000000	60.953098	1044.564575
barcode
	1057.000000	4.000000	62.396473	1048.702148
barcode
	1059.000000	0.000000	60.614719	1068.973267
barcode
	1062.000000	0.000000	57.012833	1070.759155
barcode
	1064.000000	9.000000	56.952888	1042.767456
barcode
	1065.000000	9.000000	52.526276	1043.634888
barcode
	1062.000000	0.000000	62.914501	1056.536499
barcode
	1060.000000	0.000000	60.725098	1079.163940
barcode
	1054.000000	0.000000	70.285828	1065.927979
barcode
	1057.000000	7.000000	61.962440	1042.413208
barcode
	1058.000000	0.000000	61.202347	1060.071777
barcode
	1061.000000	2.000000	58.017712	1058.264648
barcode
	1063.000000	12.000000	57.535942	1036.879395
barcode
	1065.000000	9.000000	52.872311	1045.579712
barcode, RR`
	1061.000000	38.000000	56.719139	982.608154
barcode, GG`
	1055.000000	32.000000	65.146599	993.417297
barcode, BB`
	1064.000000	12.000000	57.673901	1037.208984
barcode
	1059.000000	0.000000	60.951813	1080.000000
barcode
	1059.000000	0.000000	61.175915	1078.266724
barcode
	1062.000000	0.000000	57.798653	1064.452881
barcode
	1063.000000	9.000000	57.943977	1042.379272
barcode
	1065.000000	5.000000	53.299805	1050.984253
barcode
	1061.000000	0.000000	63.679138	1058.771118
barcode
	1061.000000	4.000000	60.628132	1046.803223
barcode
	1057.000000	0.000000	62.029110	1058.842896
barcode
	1059.000000	0.000000	61.158863	1080.000000
barcode
	1061.000000	1.000000	58.130009	1059.965088
barcode
	1063.000000	8.000000	57.802601	1044.288452
barcode
	1064.000000	0.000000	53.714592	1059.411865
barcode
	1061.000000	0.000000	63.326332	1054.783936
barcode
	1060.000000	0.000000	60.716194	1054.780640
barcode
	1057.000000	0.000000	62.363712	1063.452393
barcode
	1058.000000	0.000000	61.120686	1068.841797
barcode, G`B
	1062.000000	0.000000	58.401390	1080.000000
barcode
	1067.000000	0.000000	51.751343	1058.660034
barcode
	1064.000000	1.000000	54.035511	1056.310913
barcode
	1061.000000	0.000000	62.552704	1059.021362
barcode
	1060.000000	0.000000	59.994961	1059.470459
barcode
	1056.000000	0.000000	66.534927	1080.000000
barcode
	1058.000000	0.000000	61.680443	1058.001343
barcode
	1059.000000	0.000000	60.068829	1080.000000
barcode
	1061.000000	0.000000	58.668800	1068.644531
barcode
	1063.000000	15.000000	58.523548	1029.265869
barcode
	1064.000000	0.000000	53.850105	1064.472900
barcode, RR`
	1063.000000	29.000000	54.694450	998.417786
barcode, GG`
	1057.000000	25.000000	64.235115	1005.151062
barcode, BB`
	1062.000000	25.000000	59.822533	1010.970520
barcode
	1057.000000	0.000000	62.139816	1080.000000
barcode
	1058.000000	0.000000	61.496544	1076.198608
barcode
	1060.000000	0.000000	59.768723	1070.894043
barcode
	1061.000000	14.000000	60.594929	1030.789673
barcode
	1064.000000	9.000000	54.475082	1038.529785
barcode
	1061.000000	5.000000	62.749615	1044.986694
barcode
	1060.000000	3.000000	60.830685	1049.507202
barcode
	1057.000000	0.000000	61.847691	1069.329102
barcode
	1059.000000	0.000000	60.843464	1080.000000
barcode
	1060.000000	0.000000	58.986687	1066.492798
barcode
	1061.000000	12.000000	60.757011	1032.436035
barcode
	1062.000000	1.000000	55.380032	1053.786377
barcode
	1061.000000	6.000000	63.414516	1043.143188
barcode
	1059.000000	3.000000	61.359306	1049.859009
barcode
	1057.000000	0.000000	61.927143	1077.672485
barcode
	1058.000000	0.000000	61.945988	1077.356201
barcode
	1060.000000	0.000000	59.197994	1079.307251
barcode
	1061.000000	10.000000	60.733925	1036.026245
barcode
	1063.000000	3.000000	55.506287	1050.804077
barcode
	1061.000000	0.000000	62.392536	1057.516235
barcode
	1060.000000	1.000000	60.418968	1049.805664
barcode
	1056.000000	0.000000	64.588303	1080.000000
barcode
	1057.000000	0.000000	61.758579	1080.000000
barcode
	1058.000000	0.000000	61.010593	1080.000000
barcode
	1060.000000	0.000000	59.024059	1070.776489
barcode
	1061.000000	11.000000	60.673527	1033.479370
barcode
	1062.000000	3.000000	55.639732	1052.670532
barcode, RR`
	1063.000000	27.000000	56.213009	1000.566956
barcode, GG`
	1058.000000	33.000000	63.579010	990.702698
barcode, BB`
	1061.000000	26.000000	61.261230	1006.940979
barcode
	1056.000000	0.000000	63.486721	1080.000000
barcode
	1058.000000	0.000000	61.528107	1075.203979
barcode
	1058.000000	0.000000	60.755089	1072.416504
barcode
	1059.000000	13.000000	62.634487	1030.690918
barcode
	1061.000000	1.000000	58.087540	1055.052490
barcode
	1062.000000	0.000000	62.481358	1063.247070
barcode
	1060.000000	2.000000	60.304226	1052.101318
barcode
	1057.000000	0.000000	62.267677	1080.000000
barcode
	1058.000000	0.000000	61.445160	1080.000000
barcode
	1058.000000	0.000000	60.787960	1071.426514
barcode
	1058.000000	9.000000	64.301086	1037.894531
barcode
	1060.000000	0.000000	58.787750	1074.865479
barcode
	1062.000000	0.000000	61.477276	1067.060303
barcode
	1061.000000	0.000000	59.624744	1056.785522
barcode
	1057.000000	0.000000	62.138695	1080.000000
barcode
	1057.000000	0.000000	62.501923	1080.000000
barcode
	1057.000000	0.000000	61.306538	1063.378662
barcode
	1057.000000	6.000000	64.968079	1043.488159
barcode
	1059.000000	0.000000	59.970871	1080.000000
barcode
	1062.000000	0.000000	61.102604	1073.102417
barcode
	1060.000000	0.000000	60.148445	1060.232300
barcode
	1055.000000	0.000000	64.437599	1080.000000
barcode
	1056.000000	0.000000	62.938972	1080.000000
barcode
	1057.000000	0.000000	61.536049	1073.190063
barcode
	1056.000000	0.000000	62.565937	1062.855225
barcode
	1057.000000	4.000000	65.295555	1046.760986
barcode
	1060.000000	0.000000	59.828362	1073.889771
barcode, RR`
	1061.000000	13.000000	58.190842	1030.861206
barcode, GG`
	1056.000000	33.000000	64.222595	993.217896
barcode, BB`
	1060.000000	21.000000	63.042526	1013.911255
barcode
	1054.000000	0.000000	65.339859	1080.000000
barcode
	1055.000000	0.000000	63.490807	1078.495728
barcode
	1055.000000	1.000000	63.381580	1051.962769
barcode
	1056.000000	1.000000	66.136024	1052.738525
barcode
	1058.000000	0.000000	62.626877	1070.338623
barcode
	1062.000000	0.000000	61.690350	1067.335205
barcode
	1061.000000	0.000000	60.216499	1057.886963
barcode
	1056.000000	0.000000	63.193031	1080.000000
barcode
	1056.000000	0.000000	62.430187	1065.495605
barcode
	1055.000000	3.000000	62.834457	1049.882446
barcode
	1056.000000	5.000000	65.863747	1043.636108
barcode
	1058.000000	0.000000	61.989628	1068.861328
barcode
	1063.000000	0.000000	61.439960	1065.497681
barcode
	1061.000000	0.000000	60.489487	1059.267822
barcode
	1057.000000	0.000000	63.138283	1080.000000
barcode
	1055.000000	0.000000	62.390751	1061.263672
barcode
	1055.000000	0.000000	63.812912	1054.480591
barcode
	1055.000000	4.000000	66.229179	1046.751221
barcode
	1057.000000	0.000000	62.970894	1076.208862
barcode
	1063.000000	0.000000	60.822838	1068.060669
barcode
	1061.000000	0.000000	60.593220	1063.242798
barcode
	1056.000000	0.000000	64.239021	1080.000000
barcode
	1056.000000	0.000000	64.016495	1080.000000
barcode
	1055.000000	0.000000	63.170162	1056.101685
barcode
	1054.000000	9.000000	63.959801	1035.106445
barcode
	1054.000000	2.000000	67.322670	1050.376465
barcode
	1057.000000	0.000000	62.350010	1071.235718
barcode, RR`
	1061.000000	0.000000	60.158909	1067.988525
barcode, GG`
	1055.000000	29.000000	64.216606	1001.678467
barcode, BB`
	1058.000000	12.000000	64.297813	1032.348511
barcode
	1055.000000	0.000000	64.737579	1080.000000
barcode
	1055.000000	0.000000	63.436604	1058.669067
barcode
	1056.000000	3.000000	63.776688	1047.257690
barcode
	1055.000000	1.000000	67.747780	1053.869995
barcode
	1057.000000	0.000000	63.339035	1070.336182
barcode
	1063.000000	0.000000	61.203232	1068.512695
barcode
	1061.000000	6.000000	60.556133	1047.818115
barcode
	1057.000000	0.000000	62.391895	1080.000000
barcode
	1054.000000	6.000000	63.842209	1044.382935
barcode
	1055.000000	9.000000	63.995174	1035.188354
barcode
	1054.000000	0.000000	67.008812	1058.613037
barcode
	1056.000000	0.000000	63.972702	1072.572998
barcode
	1063.000000	0.000000	61.101086	1069.292236
barcode
	1061.000000	0.000000	61.123131	1063.477051
barcode
	1056.000000	0.000000	63.896111	1080.000000
barcode
	1054.000000	4.000000	64.670891	1048.652954
barcode
	1055.000000	12.000000	64.517830	1030.570801
barcode
	1054.000000	0.000000	67.410172	1063.212280
barcode
	1057.000000	0.000000	63.273003	1072.178955
barcode
	1063.000000	0.000000	60.727192	1063.255981
barcode
	1061.000000	0.000000	61.470222	1060.326416
barcode
	1058.000000	0.000000	63.525017	1074.712280
barcode
	1056.000000	0.000000	63.611282	1080.000000
barcode
	1054.000000	3.000000	63.978096	1051.439209
barcode
	1054.000000	13.000000	65.552841	1028.540894
barcode
	1053.000000	0.000000	68.322533	1058.463257
barcode
	1056.000000	0.000000	64.771423	1074.324341
barcode, RR`
	1060.000000	0.000000	62.515266	1080.000000
barcode, GG`
	1055.000000	24.000000	64.450531	1011.852234
barcode, BB`
	1056.000000	12.000000	66.136459	1032.696289
barcode
	1053.000000	0.000000	67.429626	1075.889771
barcode
	1055.000000	4.000000	63.545410	1049.739502
barcode
	1055.000000	8.000000	64.393845	1037.832764
barcode
	1054.000000	0.000000	67.030052	1063.578125
barcode
	1055.000000	0.000000	65.311638	1067.894775
barcode
	1062.000000	0.000000	61.581615	1070.197510
barcode
	1061.000000	2.000000	61.713181	1055.809814
barcode
	1056.000000	0.000000	63.170715	1080.000000
barcode
	1054.000000	4.000000	64.467102	1049.406372
barcode
	1054.000000	12.000000	66.019936	1028.254028
barcode
	1054.000000	0.000000	68.348969	1053.438477
barcode
	1055.000000	0.000000	65.736946	1068.230103
barcode
	1062.000000	0.000000	62.061180	1073.850220
barcode
	1062.000000	2.000000	61.361076	1055.209106
barcode
	1056.000000	0.000000	63.697865	1080.000000
barcode
	1054.000000	0.000000	64.716911	1059.112305
barcode
	1053.000000	7.000000	66.276100	1038.441772
barcode
	1053.000000	0.000000	68.818298	1056.794678
barcode
	1055.000000	0.000000	65.735298	1061.215332
barcode
	1062.000000	0.000000	61.453743	1072.778442
barcode
	1062.000000	1.000000	61.317421	1054.628784
barcode, RR`
	1059.000000	0.000000	62.463097	1080.000000
barcode
	1056.000000	0.000000	63.329945	1080.000000
barcode
	1054.000000	0.000000	64.794350	1063.204224
barcode
	1053.000000	10.000000	66.066940	1033.541138
barcode
	1053.000000	0.000000	68.359650	1055.239868
barcode
	1055.000000	0.000000	65.174065	1064.410522
barcode, RR`
	1060.000000	0.000000	62.320927	1080.000000
barcode, GG`
	1054.000000	14.000000	66.441704	1030.081787
barcode, BB`
	1057.000000	5.000000	64.659622	1047.041870
barcode
	1054.000000	0.000000	67.871078	1076.574951
barcode
	1055.000000	0.000000	63.874226	1057.842529
barcode
	1054.000000	12.000000	66.775734	1029.151367
barcode
	1053.000000	0.000000	68.875214	1058.782837
barcode
	1054.000000	0.000000	66.876427	1058.851929
barcode
	1062.000000	0.000000	62.486572	1079.915039
barcode
	1062.000000	0.000000	62.135811	1063.324585
barcode
	1056.000000	0.000000	64.415749	1079.265869
barcode
	1054.000000	0.000000	64.311417	1061.567871
barcode
	1054.000000	11.000000	66.436768	1031.461304
barcode
	1053.000000	0.000000	68.277618	1056.738525
barcode
	1054.000000	0.000000	67.079887	1059.079102
barcode
	1062.000000	0.000000	62.393562	1071.096436
barcode
	1061.000000	0.000000	62.372753	1059.891724
barcode
	1056.000000	0.000000	64.128334	1080.000000
barcode
	1055.000000	0.000000	64.068504	1073.720581
barcode
	1054.000000	7.000000	66.348213	1040.757446
barcode
	1053.000000	0.000000	68.734200	1057.208984
