barcode
	1043.000000	26.000000	74.381859	1038.122070
barcode
	1040.000000	24.000000	76.739113	1043.729370
barcode
	1039.000000	45.000000	75.146072	1001.769531
barcode
	1041.000000	36.000000	74.041527	1020.166504
barcode
	1039.000000	26.000000	76.615562	1036.698608
barcode
	1039.000000	28.000000	76.865257	1033.923706
barcode
	1038.000000	30.000000	80.484428	1030.100342
barcode, RR`
	1043.000000	10.000000	69.253593	1071.044067
barcode, GG`
	1037.000000	32.000000	78.535156	1023.459656
barcode, BB`
	1041.000000	40.000000	80.694672	1008.814819
barcode
	1038.000000	42.000000	75.294823	1008.054565
barcode
	1041.000000	37.000000	73.558296	1017.273315
barcode
	1039.000000	26.000000	76.802345	1037.316284
barcode
	1039.000000	25.000000	76.232613	1038.658325
barcode
	1038.000000	32.000000	81.557716	1026.076904
barcode
	1041.000000	28.000000	75.343246	1032.960205
barcode
	1043.000000	24.000000	73.555031	1043.113525
barcode
	1039.000000	41.000000	74.658760	1010.508179
barcode
	1041.000000	40.000000	72.942413	1012.201477
barcode
	1040.000000	24.000000	75.888840	1040.824463
barcode
	1039.000000	27.000000	77.103081	1034.918091
barcode
	1038.000000	32.000000	81.316269	1024.409668
barcode
	1041.000000	27.000000	74.237801	1035.704834
barcode
	1043.000000	19.000000	73.407646	1053.301392
barcode
	1040.000000	42.000000	73.812798	1008.173157
barcode
	1041.000000	40.000000	72.746902	1012.008606
barcode
	1040.000000	27.000000	75.611916	1035.487061
barcode
	1039.000000	26.000000	77.689407	1036.615845
barcode
	1038.000000	33.000000	80.400978	1024.698242
barcode
	1042.000000	28.000000	74.908440	1032.851074
barcode
	1043.000000	25.000000	75.845741	1039.437500
barcode
	1041.000000	25.000000	76.939034	1041.662476
barcode
	1039.000000	43.000000	73.979240	1005.888184
barcode
	1041.000000	42.000000	75.298195	1009.459839
barcode
	1041.000000	28.000000	75.137230	1032.214355
barcode
	1039.000000	31.000000	78.602539	1028.506592
barcode
	1038.000000	34.000000	84.242783	1023.110779
barcode, RR`
	1042.000000	12.000000	70.720032	1067.839233
barcode, GG`
	1040.000000	44.000000	76.706726	1000.366150
barcode, BB`
	1041.000000	39.000000	81.312233	1011.161987
barcode
	1038.000000	39.000000	75.633324	1013.148865
barcode
	1042.000000	41.000000	74.268555	1011.274597
barcode
	1040.000000	31.000000	76.359909	1026.430908
barcode
	1039.000000	27.000000	77.946564	1036.613892
barcode
	1039.000000	34.000000	80.935944	1021.952820
barcode
	1042.000000	26.000000	73.642349	1037.531006
barcode
	1043.000000	19.000000	72.938286	1052.394775
barcode
	1039.000000	41.000000	73.695801	1010.953979
barcode
	1041.000000	38.000000	73.075027	1016.239929
barcode
	1040.000000	26.000000	76.639595	1036.346313
barcode
	1039.000000	24.000000	76.464867	1042.159790
barcode
	1039.000000	33.000000	81.053757	1024.752075
barcode
	1041.000000	33.000000	76.367973	1022.817810
barcode
	1043.000000	25.000000	75.563446	1042.068115
barcode
	1039.000000	42.000000	74.980713	1009.273560
barcode
	1041.000000	43.000000	75.785965	1005.414307
barcode
	1040.000000	30.000000	78.717300	1029.849121
barcode
	1039.000000	30.000000	79.682014	1030.730469
barcode
	1039.000000	30.000000	80.296616	1029.795410
barcode
	1041.000000	26.000000	75.221046	1038.656372
barcode
	1044.000000	19.000000	73.160896	1053.720093
barcode
	1040.000000	22.000000	76.212852	1048.479248
barcode
	1039.000000	40.000000	74.330582	1014.139404
barcode
	1041.000000	37.000000	73.827423	1018.842041
barcode
	1040.000000	27.000000	76.934944	1035.676270
barcode
	1039.000000	25.000000	76.911812	1040.022827
barcode
	1039.000000	30.000000	80.925941	1030.955688
barcode, RR`
	1040.000000	8.000000	70.314049	1075.728516
barcode, GG`
	1041.000000	42.000000	74.327072	1004.720215
barcode, BB`
	1041.000000	38.000000	79.917381	1014.031311
barcode
	1038.000000	32.000000	74.141838	1026.494507
barcode
	1041.000000	39.000000	73.595284	1015.512207
barcode
	1040.000000	27.000000	76.388725	1036.003296
barcode
	1039.000000	24.000000	76.470093	1043.775146
barcode
	1040.000000	35.000000	81.065155	1019.872253
barcode
	1042.000000	35.000000	76.002327	1021.440491
barcode
	1043.000000	25.000000	73.986145	1041.943115
barcode
	1039.000000	39.000000	73.793999	1016.010498
barcode
	1041.000000	40.000000	74.759918	1014.131653
barcode
	1040.000000	30.000000	77.852875	1029.257690
barcode
	1039.000000	22.000000	76.770485	1046.457275
barcode
	1040.000000	33.000000	80.014038	1023.661438
barcode
	1042.000000	30.000000	74.426819	1029.881104
barcode
	1044.000000	19.000000	73.393150	1053.493286
barcode
	1039.000000	38.000000	72.710251	1017.430725
barcode
	1041.000000	38.000000	73.420555	1018.130859
barcode
	1041.000000	30.000000	76.597885	1029.667847
barcode
	1040.000000	25.000000	76.541687	1041.221069
barcode
	1039.000000	39.000000	84.227669	1012.329407
barcode
	1042.000000	31.000000	75.359535	1028.135864
barcode
	1043.000000	27.000000	74.302071	1038.292847
barcode
	1040.000000	29.000000	77.902504	1034.888794
barcode
	1039.000000	41.000000	73.725235	1012.492310
barcode
	1041.000000	42.000000	74.917786	1009.310669
barcode
	1041.000000	34.000000	78.314461	1021.299744
barcode
	1039.000000	29.000000	78.334373	1034.505737
barcode
	1040.000000	38.000000	81.115013	1016.165771
barcode, RR`
	1039.000000	9.000000	72.647812	1074.971802
barcode, GG`
	1041.000000	50.000000	77.091194	988.039795
barcode, BB`
	1040.000000	35.000000	80.860397	1020.587036
barcode
	1038.000000	35.000000	75.281601	1021.485779
barcode
	1041.000000	39.000000	75.003502	1014.291260
barcode
	1041.000000	36.000000	78.836296	1016.971985
barcode
	1039.000000	31.000000	79.074547	1028.672607
barcode
	1039.000000	41.000000	84.654266	1007.747314
barcode
	1042.000000	35.000000	76.798019	1021.029480
barcode
	1043.000000	24.000000	75.636772	1043.372192
barcode
	1039.000000	39.000000	75.065407	1014.659729
barcode
	1041.000000	42.000000	76.610939	1009.074707
barcode
	1040.000000	34.000000	79.056732	1021.129883
barcode
	1039.000000	30.000000	78.259727	1030.326660
barcode
	1040.000000	36.000000	80.088707	1017.790894
barcode
	1042.000000	31.000000	75.259399	1028.333740
barcode
	1043.000000	23.000000	73.710388	1046.683350
barcode
	1039.000000	35.000000	73.893181	1023.405212
barcode
	1041.000000	40.000000	74.380676	1013.397949
barcode
	1040.000000	32.000000	77.539902	1024.176392
barcode
	1038.000000	34.000000	78.260651	1023.623291
barcode
	1040.000000	34.000000	78.617340	1023.713989
barcode
	1042.000000	29.000000	74.800819	1033.945435
barcode
	1044.000000	21.000000	72.954285	1049.196289
barcode
	1041.000000	29.000000	76.537148	1035.087891
barcode
	1039.000000	38.000000	73.790947	1017.274414
barcode
	1041.000000	39.000000	74.783081	1014.348389
barcode
	1041.000000	32.000000	76.713341	1025.744507
barcode
	1038.000000	26.000000	77.533379	1039.309692
barcode
	1040.000000	37.000000	81.288803	1016.493958
barcode, RR`
	1039.000000	6.000000	72.335381	1080.000000
barcode, GG`
	1042.000000	48.000000	76.972214	994.344849
barcode, BB`
	1038.000000	27.000000	83.668839	1036.964722
barcode
	1038.000000	37.000000	76.105873	1018.146606
barcode
	1041.000000	42.000000	74.444084	1009.715881
barcode
	1041.000000	29.000000	76.331932	1031.767334
barcode
	1039.000000	28.000000	77.751678	1035.943848
barcode
	1040.000000	37.000000	79.627159	1016.577515
barcode
	1042.000000	31.000000	75.824753	1028.882202
barcode
	1043.000000	21.000000	74.766693	1050.181030
barcode
	1039.000000	33.000000	73.885971	1026.483276
barcode
	1041.000000	38.000000	74.495552	1017.137390
barcode
	1040.000000	37.000000	78.495560	1015.817200
barcode
	1038.000000	30.000000	77.218857	1030.919189
barcode
	1041.000000	36.000000	78.171654	1018.150452
barcode
	1042.000000	28.000000	75.247482	1034.339233
barcode
	1042.000000	19.000000	75.278969	1052.597534
barcode
	1039.000000	35.000000	73.391930	1022.931519
barcode
	1041.000000	38.000000	74.742928	1016.317444
barcode
	1041.000000	32.000000	76.545975	1026.091675
barcode
	1039.000000	32.000000	77.894958	1026.839355
barcode
	1041.000000	34.000000	77.228455	1024.154907
barcode
	1042.000000	30.000000	75.884811	1031.251953
barcode
	1043.000000	21.000000	74.737015	1048.912476
barcode
	1041.000000	26.000000	75.322670	1040.539795
barcode
	1039.000000	38.000000	73.738243	1017.526184
barcode
	1041.000000	39.000000	74.087669	1015.055542
barcode
	1042.000000	32.000000	75.671219	1025.688110
barcode
	1038.000000	36.000000	77.936066	1019.963806
barcode
	1041.000000	36.000000	77.602921	1018.411682
barcode, RR`
	1038.000000	7.000000	73.034355	1078.818115
barcode, GG`
	1042.000000	42.000000	76.534615	1005.604187
barcode, BB`
	1037.000000	28.000000	82.782303	1035.869385
barcode
	1038.000000	38.000000	75.535042	1015.545288
barcode
	1041.000000	36.000000	73.778770	1019.149292
barcode
	1041.000000	31.000000	76.103287	1026.917358
barcode
	1038.000000	31.000000	79.197243	1028.699707
barcode
	1040.000000	42.000000	82.250443	1006.688904
barcode
	1042.000000	32.000000	76.043930	1027.580444
barcode
	1041.000000	18.000000	77.085762	1054.856689
barcode
	1040.000000	37.000000	73.624451	1018.485046
barcode
	1040.000000	38.000000	75.365730	1016.038574
barcode
	1041.000000	34.000000	78.657829	1021.017456
barcode
	1038.000000	31.000000	78.163361	1028.612061
barcode
	1040.000000	38.000000	80.242470	1014.115173
barcode
	1042.000000	27.000000	76.236137	1036.510498
barcode
	1041.000000	20.000000	76.669647	1050.662598
barcode
	1040.000000	37.000000	72.883881	1018.203369
barcode
	1041.000000	35.000000	73.985298	1021.085754
barcode
	1042.000000	34.000000	76.332558	1020.365723
barcode
	1040.000000	30.000000	76.758499	1030.064941
barcode
	1040.000000	40.000000	80.544777	1010.598267
barcode
	1041.000000	35.000000	78.020729	1021.821350
barcode
	1041.000000	23.000000	78.083969	1045.623535
barcode
	1041.000000	30.000000	77.074646	1030.774048
barcode
	1040.000000	38.000000	73.574677	1017.069153
barcode
	1041.000000	38.000000	75.600731	1015.100098
barcode
	1041.000000	36.000000	78.125313	1017.703186
barcode
	1039.000000	30.000000	77.773582	1031.726807
barcode
	1040.000000	38.000000	80.151917	1015.301575
barcode, RR`
	1037.000000	6.000000	76.063858	1079.196167
barcode, GG`
	1041.000000	43.000000	78.867592	1004.992493
barcode, BB`
	1038.000000	15.000000	82.993042	1062.959229
barcode
	1038.000000	40.000000	76.138626	1013.707642
barcode
	1041.000000	38.000000	75.106804	1015.325439
barcode
	1041.000000	34.000000	79.371315	1021.378235
barcode
	1038.000000	26.000000	79.778084	1040.173462
barcode
	1040.000000	41.000000	82.006454	1008.883606
barcode
	1041.000000	32.000000	78.066666	1026.744629
barcode
	1040.000000	23.000000	77.656776	1044.924805
barcode
	1040.000000	39.000000	74.338203	1013.174622
barcode
	1041.000000	39.000000	76.194977	1013.280396
barcode
	1043.000000	31.000000	76.871811	1027.350586
barcode
	1040.000000	28.000000	77.770607	1035.962158
barcode
	1041.000000	38.000000	79.430679	1014.525940
barcode
	1042.000000	37.000000	76.574524	1017.555359
barcode
	1041.000000	21.000000	77.967163	1050.147827
barcode
	1041.000000	35.000000	72.293365	1021.313477
barcode
	1041.000000	38.000000	74.243683	1015.160461
barcode
	1043.000000	33.000000	76.584091	1022.086304
barcode
	1040.000000	26.000000	77.008728	1039.096191
barcode
	1041.000000	38.000000	79.749451	1015.986755
barcode
	1041.000000	33.000000	76.449478	1026.791626
barcode
	1040.000000	25.000000	78.320442	1042.514404
barcode
	1041.000000	34.000000	76.943054	1022.726868
barcode
	1041.000000	37.000000	73.154510	1018.559448
barcode
	1042.000000	37.000000	74.252060	1017.663025
barcode
	1042.000000	31.000000	75.987976	1027.927002
barcode
	1040.000000	25.000000	77.116928	1041.015991
barcode
	1042.000000	34.000000	78.103325	1022.890625
barcode, RR`
	1038.000000	6.000000	74.077705	1080.000000
barcode, GG`
	1043.000000	43.000000	77.088341	1004.914856
barcode, BB`
	1039.000000	7.000000	81.587822	1079.203247
barcode
	1039.000000	34.000000	75.763199	1023.960449
barcode
	1041.000000	38.000000	77.348137	1016.113037
barcode
	1043.000000	31.000000	75.836395	1027.812622
barcode
	1040.000000	24.000000	76.469948	1042.441162
barcode
	1042.000000	39.000000	78.179527	1012.611572
barcode
	1042.000000	33.000000	76.535316	1026.390503
barcode
	1040.000000	27.000000	77.812729	1037.878540
barcode
	1042.000000	40.000000	72.405357	1012.817871
barcode
	1042.000000	42.000000	75.554260	1007.198730
barcode
	1043.000000	32.000000	76.940918	1024.275879
barcode
	1041.000000	27.000000	76.613266	1038.240723
barcode
	1042.000000	42.000000	79.426865	1007.965881
barcode
	1041.000000	38.000000	76.680634	1017.110352
barcode
	1040.000000	30.000000	78.765663	1032.914307
barcode
	1041.000000	40.000000	73.092499	1012.575012
barcode
	1042.000000	40.000000	75.148315	1010.505432
barcode
	1043.000000	26.000000	74.929962	1037.419067
barcode
	1040.000000	25.000000	77.163467	1041.822388
barcode
	1042.000000	38.000000	78.907570	1015.357971
barcode
	1041.000000	31.000000	75.911621	1030.042969
barcode
	1039.000000	29.000000	78.564522	1034.693359
barcode
	1041.000000	35.000000	76.158951	1022.325256
barcode
	1041.000000	37.000000	72.462479	1020.205994
barcode
	1042.000000	42.000000	73.362038	1007.708801
barcode
	1042.000000	25.000000	75.821838	1040.212280
barcode
	1041.000000	24.000000	76.432037	1044.776367
barcode
	1041.000000	41.000000	79.505539	1008.797974
barcode, RR`
	1039.000000	6.000000	73.644218	1080.000000
barcode, GG`
	1043.000000	45.000000	76.654190	1001.853760
barcode, BB`
	1039.000000	7.000000	83.716187	1080.000000
barcode
	1041.000000	32.000000	74.053673	1028.064697
barcode
	1042.000000	38.000000	73.690506	1014.686401
barcode
	1043.000000	25.000000	74.471741	1039.413940
barcode
	1041.000000	18.000000	76.042969	1055.447754
barcode
	1041.000000	38.000000	78.006073	1015.379639
barcode
	1042.000000	36.000000	77.168167	1021.291260
barcode
	1040.000000	33.000000	76.983658	1027.135498
barcode
	1042.000000	41.000000	73.602852	1011.895020
barcode
	1042.000000	39.000000	74.569916	1012.278259
barcode
	1043.000000	25.000000	76.302048	1039.951538
barcode
	1041.000000	21.000000	76.663971	1049.928101
barcode
	1042.000000	34.000000	77.882126	1023.225159
barcode
	1042.000000	33.000000	76.766296	1027.688721
barcode
	1040.000000	30.000000	77.405853	1034.272339
barcode
	1042.000000	41.000000	73.451599	1010.738037
barcode
	1043.000000	38.000000	73.452003	1013.457031
barcode
	1043.000000	26.000000	75.610092	1038.150879
barcode
	1041.000000	21.000000	76.152824	1049.802246
barcode
	1040.000000	41.000000	81.141319	1009.871277
barcode
	1041.000000	36.000000	80.068947	1021.356018
barcode
	1038.000000	37.000000	81.605820	1020.158142
barcode
	1041.000000	39.000000	80.282608	1013.862732
barcode
	1042.000000	42.000000	75.085495	1010.102539
barcode
	1042.000000	39.000000	75.839630	1011.274231
barcode
	1042.000000	26.000000	78.666992	1038.428589
barcode
	1040.000000	20.000000	78.567169	1053.911621
barcode
	1040.000000	39.000000	82.183540	1012.525757
barcode, RR`
	1039.000000	6.000000	75.044373	1080.000000
barcode, GG`
	1043.000000	56.000000	79.178802	978.268372
barcode, BB`
	1038.000000	7.000000	83.151405	1080.000000
barcode
	1040.000000	23.000000	74.370331	1045.097412
barcode
	1043.000000	39.000000	75.924576	1012.535828
barcode
	1042.000000	28.000000	78.679352	1034.179688
barcode
	1039.000000	25.000000	80.403084	1042.011353
barcode
	1039.000000	43.000000	86.488892	1004.025818
barcode
	1040.000000	43.000000	84.628769	1006.591370
barcode
	1037.000000	45.000000	87.340546	1004.413391
barcode
	1043.000000	47.000000	81.541344	998.130249
barcode
	1042.000000	44.000000	80.527870	1002.649231
barcode
	1041.000000	29.000000	81.786530	1033.389404
barcode
	1039.000000	20.000000	82.346886	1052.940918
barcode
	1040.000000	41.000000	84.093292	1008.902588
barcode
	1040.000000	39.000000	83.223907	1014.226990
barcode
	1037.000000	42.000000	84.469460	1010.210632
barcode
	1042.000000	47.000000	77.940384	998.627563
barcode
	1042.000000	46.000000	80.300911	997.904236
barcode
	1040.000000	31.000000	82.644272	1027.998169
barcode
	1039.000000	27.000000	80.955620	1039.137695
barcode
	1040.000000	44.000000	82.958801	1001.861511
barcode
	1040.000000	42.000000	85.309563	1007.838440
barcode
	1037.000000	42.000000	86.247948	1008.874207
barcode
	1040.000000	39.000000	85.346893	1014.338989
barcode
	1042.000000	44.000000	80.552536	1005.111816
barcode
	1043.000000	43.000000	79.131058	1003.479370
barcode
	1040.000000	31.000000	83.821297	1028.431274
barcode
	1039.000000	21.000000	81.628120	1049.785522
barcode
	1040.000000	39.000000	83.429787	1011.925903
barcode, RR`
	1038.000000	6.000000	78.767380	1080.000000
barcode, GG`
	1041.000000	51.000000	82.544220	988.733704
barcode, BB`
	1039.000000	12.000000	85.339989	1069.380493
barcode
	1041.000000	14.000000	75.710991	1062.684692
barcode
	1043.000000	42.000000	77.717285	1004.489075
barcode
	1041.000000	30.000000	80.550110	1030.463989
barcode
	1040.000000	24.000000	80.052467	1045.000122
barcode
	1040.000000	42.000000	81.717361	1006.157349
barcode
	1041.000000	38.000000	80.134819	1016.884399
barcode
	1037.000000	41.000000	82.499588	1011.934937
barcode
	1043.000000	42.000000	76.355309	1008.883240
barcode
	1043.000000	43.000000	75.826324	1002.888672
barcode
	1040.000000	29.000000	80.892372	1032.232300
barcode
	1040.000000	23.000000	80.337929	1045.601196
barcode
	1039.000000	39.000000	83.484589	1012.097900
barcode
	1041.000000	43.000000	82.012939	1006.695984
barcode
	1037.000000	45.000000	83.839294	1004.509338
barcode
	1043.000000	41.000000	77.415527	1009.552185
barcode
	1043.000000	43.000000	76.929893	1003.564148
barcode
	1040.000000	30.000000	81.136391	1029.435791
barcode
	1039.000000	23.000000	80.610458	1046.694458
barcode
	1039.000000	46.000000	82.452843	997.748962
barcode
	1041.000000	41.000000	83.135124	1009.948669
barcode
	1037.000000	43.000000	83.128998	1008.380371
barcode
	1041.000000	37.000000	82.944107	1017.268921
barcode
	1043.000000	44.000000	77.965408	1004.807434
barcode
	1044.000000	46.000000	76.779205	998.914978
barcode
	1041.000000	28.000000	79.451820	1035.020142
barcode
	1040.000000	29.000000	77.343140	1034.569946
barcode
	1040.000000	41.000000	79.419991	1008.485107
barcode, RR`
	1039.000000	8.000000	77.586578	1075.395020
barcode, GG`
	1041.000000	47.000000	81.610397	997.884216
barcode, BB`
	1039.000000	23.000000	83.396263	1047.799438
barcode
	1042.000000	11.000000	74.119949	1067.974854
barcode
	1044.000000	41.000000	73.672707	1007.240967
barcode
	1041.000000	28.000000	79.302261	1034.213989
barcode
	1040.000000	26.000000	78.360046	1039.292969
barcode
	1040.000000	41.000000	79.665421	1007.395386
barcode
	1041.000000	38.000000	80.123207	1016.947021
