barcode, RR`
	1057.000000	62.000000	60.179443	901.860962
barcode, GG`
	1059.000000	51.000000	58.152737	919.123230
barcode, BB`
	1057.000000	55.000000	57.803463	915.467224
barcode
	1058.000000	59.000000	57.829048	909.530518
barcode
	1059.000000	54.000000	55.765804	919.245178
barcode
	1059.000000	52.000000	55.187664	914.475525
barcode
	1057.000000	61.000000	58.315628	897.424500
barcode
	1056.000000	57.000000	59.318218	908.538208
barcode
	1058.000000	55.000000	57.173542	912.151367
barcode
	1060.000000	51.000000	58.828388	918.622375
barcode
	1059.000000	54.000000	57.584904	915.341919
barcode
	1059.000000	56.000000	56.561764	912.862732
barcode
	1059.000000	55.000000	56.294811	909.661865
barcode
	1057.000000	62.000000	57.538059	896.614258
barcode
	1056.000000	60.000000	59.057491	901.966187
barcode
	1058.000000	57.000000	57.592064	909.279541
barcode
	1059.000000	56.000000	60.074242	908.783936
barcode
	1059.000000	57.000000	57.311691	909.224182
barcode
	1059.000000	58.000000	56.076881	909.173767
barcode
	1058.000000	53.000000	56.684132	911.447327
barcode
	1058.000000	61.000000	58.048759	897.547607
barcode
	1056.000000	59.000000	60.072227	904.756042
barcode
	1057.000000	53.000000	57.523792	916.516235
barcode
	1060.000000	51.000000	58.097679	918.974182
barcode
	1056.000000	52.000000	60.508331	918.080383
barcode
	1059.000000	54.000000	56.695831	916.123230
barcode
	1060.000000	53.000000	54.868279	919.659363
barcode
	1058.000000	55.000000	56.398449	909.972595
barcode
	1057.000000	60.000000	57.747330	900.892151
barcode
	1056.000000	55.000000	58.251301	914.010559
barcode, RR`
	1056.000000	53.000000	60.507332	918.336853
barcode, GG`
	1061.000000	50.000000	58.179253	924.207886
barcode, BB`
	1058.000000	54.000000	55.123604	917.700806
barcode
	1058.000000	55.000000	56.129444	915.405823
barcode
	1060.000000	55.000000	54.564369	916.362183
barcode
	1058.000000	57.000000	57.008099	905.063354
barcode
	1057.000000	59.000000	57.539890	903.555664
barcode
	1057.000000	57.000000	58.963387	908.023193
barcode
	1058.000000	53.000000	57.170765	918.424438
barcode
	1058.000000	56.000000	59.504730	912.310669
barcode
	1059.000000	51.000000	55.998257	920.433289
barcode
	1060.000000	57.000000	55.043468	910.669495
barcode
	1058.000000	52.000000	56.247978	915.589172
barcode
	1057.000000	57.000000	58.086636	906.284485
barcode
	1056.000000	58.000000	59.275024	905.858887
barcode
	1057.000000	55.000000	57.997921	913.871033
barcode
	1057.000000	54.000000	60.068974	915.425964
barcode
	1058.000000	56.000000	57.000095	910.840454
barcode
	1059.000000	59.000000	55.554440	906.676270
barcode
	1058.000000	54.000000	57.384827	912.449036
barcode
	1057.000000	57.000000	58.175083	906.156799
barcode
	1057.000000	57.000000	58.852230	908.811951
barcode
	1057.000000	55.000000	57.630379	915.666626
barcode
	1057.000000	56.000000	61.565750	910.983704
barcode
	1056.000000	53.000000	60.693176	916.062256
barcode
	1058.000000	55.000000	57.673622	912.551575
barcode
	1060.000000	60.000000	56.019028	905.016235
barcode
	1058.000000	55.000000	56.590782	909.603882
barcode
	1057.000000	59.000000	58.951630	903.305420
barcode
	1056.000000	58.000000	60.200336	907.015991
barcode, RR`
	1057.000000	56.000000	61.613144	909.928772
barcode, GG`
	1061.000000	49.000000	57.779163	927.463562
barcode, BB`
	1059.000000	59.000000	56.467865	910.272888
barcode
	1059.000000	62.000000	57.481232	901.657715
barcode
	1060.000000	62.000000	55.679634	900.472717
barcode
	1059.000000	56.000000	57.079113	906.949585
barcode
	1058.000000	57.000000	58.354965	907.910889
barcode
	1057.000000	57.000000	59.692390	909.298096
barcode
	1057.000000	51.000000	58.012238	923.479980
barcode
	1057.000000	55.000000	61.219753	914.999634
barcode
	1059.000000	59.000000	57.309402	906.132019
barcode
	1060.000000	62.000000	55.956261	900.880920
barcode
	1059.000000	54.000000	56.308514	911.890808
barcode
	1057.000000	55.000000	58.597866	911.353149
barcode
	1057.000000	58.000000	59.335384	906.631348
barcode
	1057.000000	55.000000	57.816998	914.416748
barcode
	1057.000000	52.000000	60.239605	919.855347
barcode
	1059.000000	59.000000	56.958382	904.758240
barcode
	1060.000000	63.000000	55.555466	898.260986
barcode
	1059.000000	55.000000	56.064194	912.458008
barcode
	1058.000000	56.000000	57.699341	910.160461
barcode
	1058.000000	57.000000	58.848843	907.643738
barcode
	1057.000000	52.000000	57.362503	921.405823
barcode
	1057.000000	55.000000	60.200928	914.190918
barcode
	1055.000000	53.000000	60.139862	915.789673
barcode
	1059.000000	56.000000	56.731293	910.973816
barcode
	1060.000000	60.000000	54.970119	903.589478
barcode
	1059.000000	57.000000	56.515484	906.994080
barcode
	1058.000000	57.000000	59.365273	908.919861
barcode
	1058.000000	57.000000	58.367424	909.493347
barcode, RR`
	1056.000000	53.000000	60.826664	914.483459
barcode, GG`
	1063.000000	54.000000	57.234344	919.626465
barcode, BB`
	1060.000000	62.000000	54.362522	904.639160
barcode
	1059.000000	64.000000	57.540039	897.662170
barcode
	1060.000000	63.000000	55.446751	897.611938
barcode
	1060.000000	54.000000	56.002781	911.092896
barcode
	1059.000000	53.000000	58.106113	916.189392
barcode
	1059.000000	56.000000	58.954407	909.009338
barcode
	1057.000000	48.000000	56.990261	928.940735
barcode
	1058.000000	54.000000	58.770752	916.991882
barcode
	1059.000000	60.000000	57.302090	904.447327
barcode
	1060.000000	65.000000	56.127903	893.663635
barcode
	1059.000000	54.000000	56.835350	913.116211
barcode
	1058.000000	55.000000	57.825043	913.721497
barcode
	1058.000000	56.000000	58.562607	910.983826
barcode
	1058.000000	52.000000	56.913273	920.651733
barcode
	1058.000000	56.000000	59.905636	912.396790
barcode
	1059.000000	59.000000	56.680740	906.303833
barcode
	1061.000000	63.000000	55.082069	897.790283
barcode
	1060.000000	54.000000	56.203983	911.406372
barcode
	1059.000000	53.000000	57.461784	916.452637
barcode
	1059.000000	57.000000	58.672855	907.523010
barcode
	1058.000000	54.000000	56.717228	917.315002
barcode
	1059.000000	58.000000	58.467251	908.404114
barcode
	1054.000000	49.000000	60.801651	923.555054
barcode
	1060.000000	60.000000	55.864143	906.056763
barcode
	1061.000000	61.000000	54.765129	902.327332
barcode
	1060.000000	54.000000	55.519585	913.752930
barcode
	1059.000000	55.000000	58.203011	912.958801
barcode
	1058.000000	58.000000	59.219582	906.823059
barcode, RR`
	1057.000000	61.000000	62.722115	900.990295
barcode, GG`
	1062.000000	59.000000	57.022774	910.998352
barcode, BB`
	1061.000000	64.000000	55.914459	900.003845
barcode
	1059.000000	67.000000	56.769600	890.433960
barcode
	1061.000000	64.000000	54.858875	895.638184
barcode
	1060.000000	55.000000	55.031853	911.307495
barcode
	1060.000000	58.000000	57.331936	907.000610
barcode
	1058.000000	55.000000	57.157410	910.767944
barcode
	1057.000000	53.000000	58.324364	917.820801
barcode
	1058.000000	56.000000	59.164108	912.817749
barcode
	1059.000000	65.000000	57.584694	895.432678
barcode
	1061.000000	69.000000	55.492634	885.434631
barcode
	1059.000000	54.000000	56.445721	913.246216
barcode
	1058.000000	54.000000	58.759205	914.969299
barcode
	1058.000000	58.000000	59.897938	905.750732
barcode
	1057.000000	60.000000	58.337986	904.201111
barcode
	1058.000000	59.000000	59.131111	907.867859
barcode
	1059.000000	64.000000	57.299652	897.692871
barcode
	1060.000000	71.000000	56.270451	880.625916
barcode
	1060.000000	52.000000	55.653801	918.586792
barcode
	1058.000000	57.000000	58.532246	907.339722
barcode
	1058.000000	57.000000	58.880138	907.946777
barcode
	1057.000000	59.000000	58.375313	907.081604
barcode
	1057.000000	59.000000	60.339340	906.630615
barcode
	1054.000000	56.000000	61.986622	910.892578
barcode
	1060.000000	64.000000	56.758686	897.822327
barcode
	1061.000000	65.000000	54.935764	890.504150
barcode
	1060.000000	50.000000	55.844761	922.209778
barcode
	1059.000000	55.000000	58.348808	912.117249
barcode
	1059.000000	58.000000	59.527481	906.496033
barcode, RR`
	1056.000000	60.000000	62.587917	902.652100
barcode, GG`
	1063.000000	67.000000	57.324448	894.173767
barcode, BB`
	1061.000000	59.000000	55.740990	905.500305
barcode
	1059.000000	65.000000	57.006664	894.531067
barcode
	1061.000000	66.000000	55.392818	888.406677
barcode
	1059.000000	53.000000	56.691593	916.176575
barcode
	1059.000000	58.000000	58.855312	907.236938
barcode
	1058.000000	57.000000	59.047634	907.177734
barcode
	1058.000000	57.000000	57.673801	911.809326
barcode
	1057.000000	59.000000	59.492096	907.081177
barcode
	1060.000000	60.000000	56.495029	904.840820
barcode
	1061.000000	65.000000	54.766357	890.623474
barcode
	1060.000000	52.000000	55.875290	918.441650
barcode
	1059.000000	56.000000	58.056911	910.042664
barcode
	1058.000000	56.000000	58.388134	909.417419
barcode
	1058.000000	58.000000	57.238434	908.716370
barcode
	1057.000000	60.000000	58.797379	904.957458
barcode
	1061.000000	59.000000	55.977051	907.265442
barcode
	1061.000000	63.000000	54.398594	893.268066
barcode
	1059.000000	47.000000	55.121086	927.554199
barcode
	1059.000000	55.000000	57.732010	911.477295
barcode
	1058.000000	54.000000	57.935055	912.993774
barcode
	1057.000000	53.000000	57.661133	916.862610
barcode
	1057.000000	56.000000	59.531128	912.441467
barcode
	1054.000000	46.000000	61.016106	928.623962
barcode
	1061.000000	60.000000	56.150936	904.064575
barcode
	1061.000000	65.000000	54.616489	890.286377
barcode
	1059.000000	49.000000	55.510685	923.812561
barcode
	1058.000000	57.000000	59.446739	909.501526
barcode
	1059.000000	58.000000	58.901390	905.713989
barcode, RR`
	1057.000000	63.000000	63.343578	899.163818
barcode, GG`
	1063.000000	70.000000	57.151409	884.518616
barcode, BB`
	1060.000000	63.000000	57.312954	897.518311
barcode
	1060.000000	59.000000	56.895203	907.280579
barcode
	1061.000000	63.000000	55.101700	893.712036
barcode
	1059.000000	50.000000	55.689240	921.330017
barcode
	1059.000000	59.000000	58.659584	903.613953
barcode
	1059.000000	54.000000	58.450588	913.144104
barcode
	1057.000000	58.000000	59.043213	908.658447
barcode
	1057.000000	60.000000	60.467720	905.856201
barcode
	1061.000000	58.000000	56.223560	908.206543
barcode
	1061.000000	64.000000	54.421013	892.348755
barcode
	1059.000000	49.000000	56.124428	924.249084
barcode
	1059.000000	58.000000	57.705341	906.473633
barcode
	1059.000000	54.000000	57.663399	912.301880
barcode
	1058.000000	56.000000	57.820278	910.848816
barcode
	1057.000000	59.000000	59.177498	906.218506
barcode
	1062.000000	55.000000	55.223274	913.733643
barcode
	1061.000000	62.000000	54.583359	895.112915
barcode
	1059.000000	51.000000	55.561043	918.995056
barcode
	1059.000000	57.000000	57.553261	907.047363
barcode
	1059.000000	54.000000	57.901947	911.185120
barcode
	1057.000000	53.000000	57.622726	915.732300
barcode
	1056.000000	64.000000	60.762383	895.480591
barcode
	1055.000000	46.000000	60.015709	928.357422
barcode
	1061.000000	55.000000	55.474174	914.060608
barcode
	1061.000000	59.000000	53.841999	900.423889
barcode
	1058.000000	52.000000	56.221401	918.672119
barcode
	1058.000000	55.000000	58.508339	911.765320
barcode
	1058.000000	57.000000	58.201702	906.695007
barcode, RR`
	1058.000000	61.000000	60.975994	903.681091
barcode, GG`
	1063.000000	68.000000	56.173588	887.642395
barcode, BB`
	1062.000000	59.000000	55.469944	906.458191
barcode
	1061.000000	54.000000	55.196812	916.646606
barcode
	1061.000000	59.000000	54.395168	899.689270
barcode
	1059.000000	50.000000	56.448528	921.224915
barcode
	1059.000000	55.000000	57.895271	911.572327
barcode
	1059.000000	51.000000	57.706894	916.980591
barcode
	1058.000000	54.000000	58.073338	912.990295
barcode
	1057.000000	61.000000	58.788486	903.377930
barcode
	1062.000000	50.000000	54.719044	924.853088
barcode
	1061.000000	60.000000	53.574959	898.296265
barcode
	1059.000000	54.000000	56.061596	914.475586
barcode
	1058.000000	58.000000	58.498684	905.141174
barcode
	1058.000000	55.000000	58.184967	909.440796
barcode
	1058.000000	57.000000	57.001873	908.324463
barcode
	1057.000000	63.000000	59.678638	897.133179
barcode
	1063.000000	49.000000	54.796696	926.440979
barcode
	1062.000000	57.000000	53.295895	904.085327
barcode
	1059.000000	50.000000	55.813969	921.529419
barcode
	1059.000000	53.000000	57.711132	914.660522
barcode
	1059.000000	58.000000	57.863739	904.102783
barcode
	1058.000000	57.000000	57.624710	907.285034
barcode
	1056.000000	63.000000	60.472984	898.457153
barcode
	1058.000000	45.000000	57.832706	930.472168
barcode
	1063.000000	46.000000	54.177299	931.889709
barcode
	1062.000000	62.000000	53.201195	895.285828
barcode
	1059.000000	48.000000	55.992599	925.243469
barcode
	1058.000000	56.000000	57.727833	908.704041
barcode
	1058.000000	57.000000	58.339558	905.104980
barcode, RR`
	1057.000000	67.000000	61.252800	888.250122
barcode, GG`
	1063.000000	64.000000	56.917664	892.843933
barcode, BB`
	1061.000000	64.000000	55.860344	895.764465
barcode
	1062.000000	51.000000	53.967590	922.718811
barcode
	1062.000000	60.000000	53.441597	896.894287
barcode
	1059.000000	51.000000	56.115894	918.839478
barcode
	1059.000000	53.000000	57.256252	915.848145
barcode
	1058.000000	56.000000	58.154091	906.290161
barcode
	1058.000000	52.000000	57.097786	915.306458
barcode
	1058.000000	56.000000	56.791248	912.708862
barcode
	1064.000000	43.000000	53.564686	937.543457
barcode
	1061.000000	60.000000	53.164249	896.984680
barcode
	1059.000000	50.000000	55.546097	920.725525
barcode
	1058.000000	53.000000	57.807301	913.847900
barcode
	1059.000000	56.000000	57.667030	907.179565
barcode
	1059.000000	54.000000	56.273277	912.237183
barcode
	1058.000000	59.000000	57.353348	905.963745
barcode
	1064.000000	44.000000	53.382053	934.176758
barcode
	1061.000000	63.000000	53.406151	893.295532
barcode
	1059.000000	48.000000	55.654377	924.397095
barcode
	1059.000000	52.000000	56.912235	916.382874
barcode
	1059.000000	56.000000	57.305084	906.584656
barcode
	1058.000000	56.000000	57.003670	907.816833
barcode
	1058.000000	59.000000	57.215042	906.496094
barcode
	1058.000000	52.000000	57.944946	915.284424
barcode
	1063.000000	44.000000	53.500683	934.833252
barcode
	1061.000000	63.000000	52.878197	893.462219
barcode
	1059.000000	49.000000	55.006824	923.560608
barcode
	1058.000000	55.000000	58.276047	912.341431
barcode
	1058.000000	55.000000	57.839981	907.679443
barcode, RR`
	1058.000000	74.000000	60.420708	874.385376
barcode, GG`
	1062.000000	63.000000	56.288555	893.679382
barcode, BB`
	1061.000000	70.000000	56.037762	884.404602
barcode
	1062.000000	55.000000	52.308891	913.061829
barcode
	1061.000000	61.000000	53.376465	896.321838
barcode
	1059.000000	49.000000	55.334938	922.100586
barcode
	1059.000000	54.000000	57.344341	912.511902
barcode
	1059.000000	56.000000	57.017948	906.158142
barcode
	1059.000000	54.000000	56.575329	911.580994
barcode
	1058.000000	57.000000	57.336323	908.514954
barcode
	1063.000000	44.000000	53.840633	934.409668
barcode
	1061.000000	61.000000	53.823505	895.744202
barcode
	1058.000000	50.000000	56.088200	919.297485
barcode
	1058.000000	52.000000	57.700859	917.600586
barcode
	1058.000000	54.000000	57.446629	908.956543
barcode
	1058.000000	57.000000	57.325840	906.713257
barcode
	1059.000000	60.000000	57.674358	904.489380
barcode
	1063.000000	43.000000	53.309803	937.158447
barcode
	1060.000000	61.000000	53.735500	896.826111
barcode
	1059.000000	48.000000	56.106670	922.562866
barcode
	1059.000000	53.000000	57.059437	915.415466
barcode
	1059.000000	57.000000	57.575516	904.145447
barcode
	1058.000000	52.000000	57.415413	914.118164
barcode
	1059.000000	61.000000	57.014622	900.762268
barcode
	1057.000000	57.000000	60.533211	905.371399
barcode
	1064.000000	44.000000	52.912811	934.816162
barcode
	1061.000000	63.000000	54.168003	892.864868
barcode
	1058.000000	48.000000	56.047722	923.046692
barcode
	1058.000000	51.000000	58.082878	919.817749
barcode
	1059.000000	59.000000	58.080132	900.357300
barcode, RR`
	1060.000000	84.000000	58.765221	855.103699
barcode, GG`
	1063.000000	62.000000	54.682884	895.067627
barcode, BB`
	1061.000000	73.000000	55.181499	877.800110
barcode
	1064.000000	51.000000	50.797127	920.770630
barcode
	1061.000000	62.000000	54.354900	895.994751
barcode
	1059.000000	45.000000	55.494751	928.278076
barcode
	1059.000000	48.000000	57.353653	925.552612
barcode
	1059.000000	55.000000	57.892403	908.291870
barcode
	1059.000000	54.000000	56.090809	912.465576
barcode
	1060.000000	61.000000	56.122124	900.678528
barcode
	1064.000000	39.000000	52.477886	944.042480
barcode
	1060.000000	60.000000	54.048286	898.411377
barcode
	1058.000000	45.000000	55.320492	928.052368
barcode
	1059.000000	50.000000	56.912975	920.394470
barcode
	1059.000000	53.000000	56.867939	911.009766
barcode
	1059.000000	54.000000	56.030655	911.791809
barcode
	1059.000000	62.000000	55.914841	901.108521
barcode
	1064.000000	34.000000	51.950508	953.755432
barcode
	1061.000000	61.000000	54.073761	898.050659
barcode
	1059.000000	42.000000	54.273636	935.109436
barcode
	1059.000000	49.000000	55.674698	923.731323
barcode
	1059.000000	52.000000	56.661434	913.284973
barcode
	1059.000000	52.000000	56.149605	915.605286
barcode
	1060.000000	59.000000	54.857182	906.397949
barcode
	1058.000000	53.000000	57.504444	914.191162
barcode
	1064.000000	36.000000	52.083492	950.417419
barcode
	1061.000000	63.000000	54.358662	892.751953
barcode
	1058.000000	44.000000	55.256016	930.212891
barcode
	1058.000000	48.000000	57.378155	925.618774
barcode
	1059.000000	56.000000	57.886398	906.303284
barcode, RR`
	1061.000000	80.000000	57.356144	861.779724
barcode, GG`
	1063.000000	55.000000	52.373806	908.080078
barcode, BB`
	1059.000000	83.000000	58.478992	856.250916
barcode
	1063.000000	52.000000	50.963985	917.977600
barcode
	1061.000000	60.000000	54.618511	898.551880
barcode
	1058.000000	44.000000	54.914360	930.913330
barcode
	1059.000000	47.000000	56.692192	927.055420
barcode
	1059.000000	56.000000	57.445946	904.969666
barcode
	1059.000000	59.000000	57.166656	900.599426
barcode
	1059.000000	66.000000	57.310070	890.686951
barcode
	1064.000000	34.000000	51.982197	952.531799
barcode
	1061.000000	58.000000	54.016891	901.068176
barcode
	1058.000000	47.000000	54.757118	926.148804
barcode
	1059.000000	49.000000	56.804893	922.226990
