barcode
	1043.000000	92.000000	59.912827	879.652832
barcode
	1042.000000	89.000000	57.776905	885.747437
barcode
	1044.000000	91.000000	55.925220	881.858459
barcode, B`X
	1040.000000	91.000000	65.069214	883.099915
barcode
	1046.000000	84.000000	56.180431	896.577454
barcode
	1044.000000	85.000000	57.340500	892.680786
barcode
	1043.000000	77.000000	59.512913	912.246521
barcode
	1042.000000	96.000000	61.834896	871.928101
barcode
	1043.000000	89.000000	56.735363	885.469421
barcode
	1044.000000	93.000000	55.988064	877.823914
barcode, B`X
	1040.000000	89.000000	64.758789	888.002563
barcode
	1046.000000	81.000000	54.650578	901.458801
barcode
	1045.000000	83.000000	56.093933	897.951477
barcode
	1045.000000	71.000000	56.616821	924.984314
barcode, G`B
	1037.000000	56.000000	63.752083	969.109619
barcode
	1044.000000	87.000000	56.256039	890.721375
barcode
	1045.000000	91.000000	54.691505	882.529846
barcode
	1042.000000	97.000000	59.470234	869.330566
barcode, B`X
	1037.000000	90.000000	67.890442	885.010071
barcode
	1046.000000	82.000000	55.752140	900.446960
barcode
	1044.000000	86.000000	56.870022	891.088318
barcode
	1044.000000	74.000000	58.558113	918.493774
barcode
	1042.000000	93.000000	60.462715	878.661316
barcode, X`R
	1044.000000	103.000000	59.256180	855.437195
barcode, R`G
	1046.000000	89.000000	56.233406	885.550110
barcode, G`B
	1044.000000	93.000000	53.586952	880.741028
barcode, B`X
	1047.000000	61.000000	56.821945	938.198364
barcode
	1046.000000	85.000000	55.130447	895.075745
barcode
	1044.000000	87.000000	55.976627	893.264343
barcode
	1042.000000	67.000000	56.030094	932.374451
barcode
	1042.000000	91.000000	60.688362	882.933411
barcode
	1044.000000	91.000000	56.450233	882.888489
barcode
	1045.000000	93.000000	54.920784	877.759705
barcode, B`X
	1040.000000	88.000000	64.856850	887.786499
barcode
	1046.000000	83.000000	54.683090	898.335022
barcode
	1045.000000	84.000000	55.390896	895.611633
barcode
	1045.000000	75.000000	57.604370	916.274536
barcode
	1043.000000	91.000000	59.495064	881.945618
barcode
	1044.000000	88.000000	56.487358	888.527954
barcode
	1044.000000	93.000000	54.942825	877.234253
barcode, B`X
	1039.000000	91.000000	65.092957	882.576782
barcode
	1047.000000	82.000000	54.351349	901.060425
barcode
	1045.000000	81.000000	55.575626	901.008179
barcode
	1053.000000	76.000000	53.259789	913.099670
barcode, G`B
	1040.000000	68.000000	62.754005	945.684082
barcode
	1044.000000	89.000000	56.027916	887.665100
barcode
	1046.000000	89.000000	53.664833	885.241882
barcode
	1042.000000	95.000000	58.452541	873.647095
barcode, B`X
	1038.000000	92.000000	65.567612	880.597290
barcode
	1047.000000	77.000000	53.797981	909.747864
barcode
	1046.000000	81.000000	55.343811	901.395813
barcode
	1045.000000	73.000000	56.881454	919.654053
barcode
	1044.000000	88.000000	58.553001	888.556335
barcode, X`R
	1047.000000	105.000000	56.590626	851.785461
barcode, R`G
	1048.000000	86.000000	54.883095	892.297668
barcode, G`B
	1046.000000	91.000000	53.692047	885.827576
barcode, B`X
	1049.000000	68.000000	55.382061	926.223328
barcode
	1047.000000	81.000000	53.938198	902.362000
barcode, G`B
	1043.000000	60.000000	55.183296	947.059875
barcode, X`R
	1048.000000	57.000000	54.214417	952.424744
barcode
	1044.000000	89.000000	58.599701	886.980408
barcode
	1044.000000	87.000000	55.585819	891.731995
barcode
	1046.000000	93.000000	54.150726	878.164062
barcode, B`X
	1040.000000	89.000000	64.139214	886.178101
barcode
	1047.000000	81.000000	54.478523	901.757935
barcode
	1045.000000	83.000000	55.803356	897.562805
barcode
	1044.000000	74.000000	57.896355	918.764160
barcode
	1043.000000	89.000000	59.222061	886.925354
barcode
	1044.000000	93.000000	55.952648	878.978699
barcode
	1045.000000	100.000000	55.376358	863.229492
barcode, B`X
	1039.000000	85.000000	64.684013	892.740234
barcode
	1047.000000	78.000000	53.524761	908.121216
barcode
	1045.000000	81.000000	55.370628	901.956909
barcode
	1054.000000	57.000000	52.656353	954.000671
barcode
	1044.000000	93.000000	59.071640	877.888184
barcode
	1045.000000	93.000000	55.662296	878.505249
barcode
	1046.000000	98.000000	55.087296	869.042908
barcode
	1044.000000	95.000000	57.035236	872.229004
barcode, B`X
	1038.000000	90.000000	64.914673	882.196228
barcode
	1047.000000	80.000000	54.296120	903.176697
barcode
	1046.000000	81.000000	55.819275	901.961731
barcode
	1045.000000	76.000000	58.041149	914.596313
barcode
	1044.000000	87.000000	59.120335	890.168884
barcode, X`R
	1048.000000	104.000000	56.020981	855.310669
barcode, R`G
	1048.000000	83.000000	55.236366	896.039490
barcode, G`B
	1046.000000	88.000000	52.608273	890.481995
barcode, B`X
	1050.000000	66.000000	54.888454	928.818604
barcode
	1047.000000	81.000000	54.026039	902.783936
barcode
	1045.000000	89.000000	57.033390	886.747192
barcode
	1043.000000	69.000000	56.866669	927.041992
barcode
	1044.000000	86.000000	59.273727	892.519897
barcode
	1045.000000	91.000000	55.335072	884.133118
barcode
	1046.000000	99.000000	55.563316	865.939636
barcode, B`X
	1040.000000	87.000000	64.372055	888.790161
barcode
	1047.000000	80.000000	54.121380	904.466736
barcode
	1046.000000	82.000000	55.662281	899.161560
barcode
	1046.000000	79.000000	57.845737	907.723816
barcode
	1044.000000	88.000000	58.865612	887.882996
barcode
	1044.000000	93.000000	55.516479	878.919312
barcode
	1046.000000	99.000000	55.248466	865.585022
barcode, B`X
	1040.000000	87.000000	63.759758	890.151184
barcode
	1047.000000	81.000000	54.048389	902.931702
barcode
	1046.000000	82.000000	55.448879	899.172852
barcode
	1045.000000	70.000000	57.070396	927.367065
barcode, G`B
	1037.000000	51.000000	64.372910	980.205200
barcode
	1045.000000	96.000000	56.224834	872.820557
barcode
	1045.000000	100.000000	55.693409	863.235657
barcode
	1044.000000	96.000000	57.803123	871.427185
barcode, B`X
	1038.000000	94.000000	65.637390	874.706360
barcode
	1046.000000	81.000000	54.306988	902.258057
barcode
	1046.000000	86.000000	56.249771	892.782532
barcode
	1045.000000	82.000000	58.350491	900.347656
barcode
	1044.000000	89.000000	59.204845	887.099731
barcode, X`R
	1047.000000	101.000000	57.502815	860.992615
barcode, R`G
	1049.000000	81.000000	55.219028	901.053345
barcode, G`B
	1046.000000	90.000000	54.002815	889.751404
barcode, B`X
	1049.000000	77.000000	55.243851	906.888062
barcode
	1047.000000	83.000000	54.761459	899.157715
barcode
	1045.000000	86.000000	56.684231	893.524841
barcode, R`G
	1040.000000	87.000000	61.087860	892.456360
barcode, G`B
	1038.000000	54.000000	62.884613	974.279663
barcode
	1046.000000	92.000000	54.921352	882.275208
barcode
	1045.000000	103.000000	55.735142	858.827942
barcode, B`X
	1040.000000	82.000000	63.585011	899.575378
barcode
	1046.000000	79.000000	53.767975	906.327881
barcode
	1046.000000	84.000000	55.780167	896.709473
barcode
	1045.000000	80.000000	57.411495	904.068420
barcode
	1044.000000	91.000000	58.522583	883.948364
barcode
	1044.000000	93.000000	55.263920	880.070923
barcode
	1045.000000	100.000000	55.061661	864.042480
barcode, B`X
	1039.000000	83.000000	63.980629	898.811584
barcode
	1047.000000	79.000000	53.943130	907.806030
barcode
	1046.000000	81.000000	55.491032	902.020569
barcode
	1046.000000	72.000000	56.286388	921.702576
barcode
	1038.000000	100.000000	59.804741	871.989807
barcode
	1044.000000	95.000000	56.011848	875.920105
barcode
	1046.000000	98.000000	55.077602	866.591248
barcode
	1044.000000	92.000000	57.141232	879.352356
barcode, B`X
	1038.000000	96.000000	66.291794	870.890076
barcode
	1046.000000	80.000000	54.274025	904.101196
barcode
	1045.000000	83.000000	56.498085	898.646423
barcode
	1045.000000	83.000000	57.590607	899.307373
barcode
	1044.000000	89.000000	58.532936	886.451111
barcode, X`R
	1047.000000	93.000000	56.645798	877.948669
barcode, R`G
	1048.000000	84.000000	55.915081	897.109375
barcode, G`B
	1045.000000	94.000000	55.159576	882.372314
barcode, B`X
	1050.000000	75.000000	54.734432	912.249207
barcode
	1046.000000	79.000000	53.796391	907.200073
barcode
	1045.000000	84.000000	56.554268	898.276123
barcode
	1043.000000	79.000000	57.717365	907.141418
barcode
	1044.000000	89.000000	58.789261	886.265503
barcode
	1045.000000	97.000000	55.997715	871.708252
barcode
	1045.000000	102.000000	55.459084	858.819458
barcode, B`X
	1040.000000	82.000000	63.669556	900.353577
barcode
	1046.000000	82.000000	54.179974	901.167053
barcode
	1045.000000	81.000000	55.655182	901.508911
barcode
	1045.000000	88.000000	58.229874	888.014404
barcode
	1044.000000	91.000000	58.473274	882.406189
barcode
	1045.000000	97.000000	56.080807	870.891541
barcode
	1046.000000	103.000000	56.156528	856.664307
barcode, B`X
	1040.000000	80.000000	63.389709	902.639526
barcode
	1045.000000	82.000000	54.788651	900.859802
barcode
	1046.000000	83.000000	56.277672	898.826416
barcode
	1050.000000	75.000000	52.015198	917.401001
barcode, G`B
	1043.000000	42.000000	63.329372	996.849609
barcode
	1045.000000	95.000000	56.309891	875.684143
barcode
	1046.000000	102.000000	55.971294	859.884399
barcode
	1043.000000	95.000000	58.383659	872.933777
barcode, B`X
	1037.000000	90.000000	65.593872	882.579651
barcode
	1046.000000	84.000000	55.055370	896.975769
barcode
	1045.000000	82.000000	57.017105	899.572205
barcode
	1045.000000	92.000000	58.398537	880.318115
barcode
	1043.000000	92.000000	59.608482	880.577332
barcode, X`R
	1046.000000	101.000000	57.462345	861.552917
barcode, R`G
	1049.000000	83.000000	55.383659	899.772217
barcode, G`B
	1044.000000	98.000000	56.218616	874.983337
barcode, B`X
	1050.000000	80.000000	55.901016	902.161438
barcode
	1046.000000	82.000000	55.118160	900.465027
barcode
	1045.000000	87.000000	58.472008	891.830078
barcode
	1042.000000	82.000000	58.937862	899.600342
barcode
	1045.000000	90.000000	59.727577	887.398987
barcode
	1032.000000	95.000000	71.504822	876.707947
barcode
	1045.000000	101.000000	55.829681	861.856934
barcode, B`X
	1039.000000	85.000000	66.252197	892.966797
barcode
	1045.000000	88.000000	56.103542	887.826904
barcode
	1045.000000	82.000000	57.514992	899.798401
barcode
	1045.000000	93.000000	58.742954	875.800354
barcode
	1044.000000	91.000000	59.256252	884.062744
barcode
	1045.000000	93.000000	55.814907	878.724426
barcode
	1045.000000	105.000000	56.436256	852.667236
barcode, B`X
	1039.000000	79.000000	64.934036	905.997803
barcode
	1046.000000	84.000000	55.195862	896.925537
barcode
	1045.000000	82.000000	56.832851	900.986511
barcode
	1045.000000	79.000000	57.177071	907.033081
barcode
	1038.000000	98.000000	60.119797	875.736877
barcode
	1045.000000	91.000000	55.872456	883.442383
barcode
	1045.000000	102.000000	56.101936	859.969177
barcode
	1042.000000	89.000000	57.991249	885.496887
barcode, B`X
	1037.000000	86.000000	65.205482	889.714722
barcode
	1046.000000	83.000000	55.350422	899.599731
barcode
	1045.000000	82.000000	57.250378	899.519165
barcode
	1046.000000	97.000000	58.163254	870.292969
barcode
	1044.000000	91.000000	59.358963	884.021545
barcode, X`R
	1046.000000	102.000000	57.302189	860.628296
barcode, R`G
	1049.000000	90.000000	56.102470	885.845703
barcode, G`B
	1043.000000	102.000000	57.092773	865.463440
barcode, B`X
	1050.000000	78.000000	55.555714	906.420166
barcode
	1046.000000	84.000000	55.242500	897.701904
barcode
	1045.000000	82.000000	57.749035	901.484314
barcode, R`G
	1042.000000	86.000000	60.104099	893.251709
barcode
	1044.000000	91.000000	59.975925	883.792603
barcode
	1044.000000	97.000000	57.233803	869.994141
barcode
	1045.000000	106.000000	57.103683	851.525146
barcode, B`X
	1039.000000	81.000000	65.625923	900.516479
barcode
	1045.000000	85.000000	56.873447	895.407471
barcode
	1045.000000	83.000000	58.608101	897.980042
barcode
	1044.000000	94.000000	58.537994	875.387329
barcode
	1044.000000	92.000000	60.182396	881.111694
barcode
	1045.000000	96.000000	56.883652	871.747009
barcode
	1045.000000	102.000000	57.654789	859.154175
barcode, B`X
	1038.000000	87.000000	66.713882	889.813171
barcode
	1045.000000	86.000000	56.944107	893.926575
barcode
	1044.000000	84.000000	58.748161	896.095825
barcode
	1043.000000	87.000000	57.410553	890.641296
barcode
	1038.000000	94.000000	59.912994	883.061279
barcode
	1045.000000	95.000000	56.261654	874.955200
barcode
	1045.000000	107.000000	57.872692	849.179993
barcode
	1041.000000	94.000000	59.917141	873.977173
barcode
	1037.000000	93.000000	63.714581	877.286865
barcode
	1045.000000	87.000000	56.890713	890.745789
barcode
	1044.000000	85.000000	58.502789	893.115784
barcode
	1044.000000	98.000000	58.243858	866.206055
barcode
	1045.000000	94.000000	60.189430	878.610291
barcode, X`R
	1047.000000	99.000000	57.279751	865.504395
barcode, R`G
	1047.000000	77.000000	58.970718	910.681030
barcode, G`B
	1043.000000	110.000000	57.655487	850.676147
barcode, B`X
	1051.000000	77.000000	55.906307	907.615723
barcode
	1045.000000	87.000000	56.747292	890.794617
barcode
	1044.000000	85.000000	58.751675	896.139282
barcode, R`G
	1041.000000	90.000000	61.338223	886.882019
barcode
	1044.000000	91.000000	60.125362	883.156128
barcode
	1043.000000	91.000000	61.859631	884.452759
barcode
	1043.000000	95.000000	59.669189	874.724426
barcode, B`X
	1038.000000	86.000000	66.720192	892.701294
barcode
	1046.000000	88.000000	56.712330	889.362427
barcode
	1045.000000	85.000000	58.751480	893.723755
barcode
	1045.000000	96.000000	58.204697	869.718811
barcode
	1044.000000	92.000000	60.125168	881.112976
barcode
	1045.000000	98.000000	57.123951	868.265747
barcode
	1046.000000	106.000000	58.928802	851.810974
barcode, B`X
	1038.000000	82.000000	65.845039	899.944275
barcode
	1045.000000	87.000000	56.714123	891.291992
barcode
	1046.000000	83.000000	57.401726	899.303467
barcode
	1045.000000	86.000000	55.723614	892.565857
barcode
	1037.000000	95.000000	61.326347	881.447144
barcode
	1045.000000	97.000000	56.329491	870.537659
barcode
	1045.000000	104.000000	57.536690	855.297424
barcode
	1041.000000	94.000000	60.186401	875.707642
barcode
	1036.000000	105.000000	64.478889	854.093018
barcode
	1045.000000	88.000000	57.592896	889.088135
barcode
	1044.000000	87.000000	59.057808	890.239014
barcode
	1045.000000	97.000000	57.849823	870.204346
barcode
	1045.000000	93.000000	60.599098	879.266724
barcode, X`R
	1046.000000	93.000000	58.198689	877.710632
barcode, R`G
	1049.000000	77.000000	57.189777	912.377380
barcode, G`B
	1041.000000	109.000000	57.273193	852.951782
barcode, B`X
	1049.000000	77.000000	56.148510	909.281555
barcode
	1045.000000	88.000000	57.312111	890.166321
barcode
	1044.000000	83.000000	58.482468	899.441101
barcode, R`G
	1041.000000	94.000000	62.005886	878.093994
barcode
	1044.000000	92.000000	60.087032	882.072388
barcode
	1046.000000	98.000000	56.314457	867.731323
barcode
	1047.000000	105.000000	57.749748	851.702454
barcode, B`X
	1039.000000	86.000000	64.745621	892.141357
barcode
	1045.000000	88.000000	57.069992	890.190308
barcode
	1045.000000	84.000000	58.198124	895.863708
barcode
	1045.000000	92.000000	57.592144	879.756042
barcode
	1044.000000	92.000000	60.000481	881.690857
barcode
	1045.000000	102.000000	56.623444	859.353394
barcode
	1046.000000	101.000000	58.003952	861.013977
barcode, B`X
	1039.000000	85.000000	65.214584	894.348083
barcode
	1045.000000	86.000000	57.295238	893.558716
barcode
	1044.000000	83.000000	58.677532	897.885437
barcode
	1044.000000	88.000000	56.319611	887.773560
barcode
	1038.000000	95.000000	60.142159	881.712952
barcode
	1044.000000	99.000000	56.685333	866.812195
barcode
	1046.000000	101.000000	57.511398	861.128357
barcode
	1041.000000	93.000000	60.147907	876.784058
barcode
	1036.000000	106.000000	63.973160	851.316406
barcode
	1045.000000	86.000000	57.801369	893.911560
barcode
	1044.000000	82.000000	58.671970	900.818970
barcode
	1044.000000	94.000000	57.885151	877.055603
barcode
	1044.000000	92.000000	59.425770	882.670044
barcode, X`R
	1046.000000	96.000000	57.587761	872.854675
barcode, R`G
	1047.000000	79.000000	58.585426	909.187256
barcode, G`B
	1041.000000	114.000000	56.961498	842.272888
barcode, B`X
	1049.000000	76.000000	56.269703	911.051819
barcode
	1045.000000	87.000000	56.972683	891.155640
barcode
	1044.000000	84.000000	59.462448	897.308228
barcode, R`G
	1040.000000	81.000000	62.599174	903.796021
barcode
	1044.000000	94.000000	60.548901	877.802490
barcode, G`B
	1044.000000	72.000000	58.269135	919.203735
barcode, G`B
	1041.000000	89.000000	54.708508	890.281799
barcode, B`X
	1037.000000	92.000000	65.823586	880.314026
barcode
	1045.000000	88.000000	58.216122	889.145203
barcode
	1044.000000	84.000000	59.163025	897.227234
barcode
	1044.000000	97.000000	57.982311	870.882080
barcode
	1044.000000	92.000000	60.303577	883.100952
barcode
	1044.000000	99.000000	57.276745	867.515808
barcode
	1046.000000	98.000000	57.996277	868.913025
barcode, B`X
	1038.000000	93.000000	65.778610	878.060852
barcode
	1045.000000	86.000000	58.343910	893.140015
barcode
	1044.000000	80.000000	59.555248	904.748047
barcode
	1044.000000	92.000000	57.630772	881.197327
barcode
	1038.000000	90.000000	60.401924	891.215881
barcode
	1044.000000	97.000000	57.563770	871.026184
barcode
	1047.000000	98.000000	58.047081	868.890198
barcode
	1041.000000	92.000000	61.146210	879.055298
barcode
	1036.000000	110.000000	64.784081	843.377136
barcode
	1046.000000	84.000000	58.115406	897.630554
barcode
	1045.000000	81.000000	59.413029	903.669434
barcode
	1045.000000	95.000000	58.285828	875.591370
barcode
	1044.000000	92.000000	59.763027	882.920471
barcode, X`R
	1047.000000	97.000000	57.150295	871.776367
barcode, R`G
	1046.000000	77.000000	60.675831	912.093750
barcode, G`B
	1040.000000	110.000000	57.956493	850.136780
barcode, B`X
	1050.000000	82.000000	56.244499	898.017151
barcode
	1045.000000	85.000000	57.746677	895.952026
barcode
	1044.000000	80.000000	59.644077	907.056274
barcode, R`G
	1040.000000	83.000000	63.176781	900.388000
barcode
	1044.000000	90.000000	59.815010	885.016724
barcode
	1044.000000	100.000000	57.000027	865.625244
barcode
	1046.000000	95.000000	57.839214	873.597412
barcode
	1039.000000	92.000000	64.625069	881.075806
barcode
	1045.000000	84.000000	58.265579	897.206360
barcode
	1044.000000	78.000000	59.401779	909.147949
barcode
	1045.000000	96.000000	57.476799	873.513672
barcode
	1044.000000	91.000000	58.938961	884.082520
barcode
	1044.000000	102.000000	57.295906	860.262756
barcode
	1046.000000	102.000000	58.711071	862.018738
barcode
	1039.000000	91.000000	65.383484	882.593201
barcode
	1045.000000	84.000000	58.222427	897.077698
barcode
	1044.000000	82.000000	59.468266	901.544250
barcode
	1045.000000	97.000000	57.244347	870.666504
barcode
	1038.000000	95.000000	59.967911	881.843323
barcode
	1043.000000	100.000000	57.599697	865.560425
barcode
	1046.000000	99.000000	58.994873	867.073853
barcode
	1041.000000	91.000000	60.732445	880.437866
barcode
	1036.000000	108.000000	64.627991	849.196960
barcode
	1045.000000	85.000000	58.335079	895.183289
barcode
	1044.000000	82.000000	59.892563	900.916260
barcode
	1046.000000	98.000000	57.108597	868.750427
