barcode
	1091.000000	59.000000	66.825478	972.439392
barcode
	1092.000000	69.000000	64.906456	951.299683
barcode
	1094.000000	50.000000	66.247231	990.073242
barcode
	1094.000000	63.000000	63.657425	963.159119
barcode
	1093.000000	24.000000	63.180641	1040.661987
barcode
	1093.000000	35.000000	62.951103	1019.048279
barcode
	1089.000000	74.000000	67.865379	943.365906
barcode
	1090.000000	68.000000	69.864105	955.388306
barcode
	1091.000000	59.000000	66.584747	972.311035
barcode
	1093.000000	67.000000	64.751122	956.084717
barcode
	1094.000000	51.000000	65.942169	988.884094
barcode
	1093.000000	64.000000	63.388424	960.822693
barcode, X`R
	1099.000000	55.000000	59.199661	981.703430
barcode, R`G
	1091.000000	53.000000	67.861160	982.933899
barcode, G`B
	1093.000000	18.000000	64.809212	1054.788818
barcode, B`X
	1094.000000	17.000000	63.015854	1056.176880
barcode
	1091.000000	63.000000	66.789551	964.598877
barcode
	1093.000000	72.000000	64.836937	946.240906
barcode
	1094.000000	50.000000	65.788391	990.098999
barcode
	1094.000000	64.000000	63.114746	962.270203
barcode
	1094.000000	25.000000	62.235798	1038.219604
barcode
	1093.000000	39.000000	63.409081	1009.967285
barcode
	1090.000000	73.000000	67.341873	942.092224
barcode
	1091.000000	60.000000	66.447197	970.602112
barcode
	1093.000000	69.000000	64.842430	952.566101
barcode
	1095.000000	48.000000	65.697716	993.622375
barcode
	1093.000000	64.000000	63.430874	960.564087
barcode
	1094.000000	23.000000	61.574585	1043.577881
barcode
	1092.000000	44.000000	65.686356	1000.337280
barcode
	1090.000000	72.000000	68.434792	944.747070
barcode
	1090.000000	60.000000	67.009033	971.792969
barcode
	1093.000000	70.000000	65.239273	950.558716
barcode
	1094.000000	52.000000	66.439949	986.317566
barcode
	1094.000000	65.000000	63.530796	959.435608
barcode
	1094.000000	22.000000	61.699989	1044.859619
barcode
	1093.000000	43.000000	64.631271	1002.173889
barcode
	1090.000000	72.000000	67.744370	946.296936
barcode
	1089.000000	75.000000	71.111801	942.021484
barcode
	1091.000000	61.000000	66.138008	969.491516
barcode
	1093.000000	70.000000	64.827217	949.767334
barcode
	1093.000000	46.000000	65.539833	998.583252
barcode
	1094.000000	60.000000	64.411530	969.377686
barcode, X`R
	1098.000000	54.000000	59.466747	982.424988
barcode, R`G
	1091.000000	48.000000	68.610291	994.279358
barcode, G`B
	1094.000000	13.000000	63.082424	1064.016479
barcode, B`X
	1092.000000	11.000000	63.486694	1067.821167
barcode
	1091.000000	62.000000	66.253265	967.551819
barcode
	1093.000000	69.000000	64.437187	951.323242
barcode
	1093.000000	47.000000	66.071754	997.142700
barcode
	1093.000000	62.000000	63.390907	965.231384
barcode
	1094.000000	22.000000	60.921913	1044.853271
barcode
	1092.000000	48.000000	64.559128	993.318298
barcode
	1092.000000	72.000000	66.279076	944.543701
barcode
	1091.000000	64.000000	66.710457	962.569397
barcode
	1093.000000	70.000000	65.119896	949.557251
barcode
	1093.000000	46.000000	65.506927	999.202759
barcode
	1094.000000	65.000000	62.926933	959.626282
barcode
	1093.000000	15.000000	61.341377	1056.878418
barcode
	1091.000000	51.000000	68.510681	986.656250
barcode
	1091.000000	65.000000	66.669655	958.737244
barcode
	1091.000000	63.000000	66.978294	964.386536
barcode
	1094.000000	73.000000	63.864483	944.133179
barcode
	1094.000000	49.000000	66.188179	992.990417
barcode
	1094.000000	63.000000	63.688171	962.944458
barcode
	1094.000000	22.000000	61.453777	1043.839355
barcode
	1092.000000	55.000000	66.356682	979.308960
barcode
	1089.000000	79.000000	67.943993	934.171753
barcode
	1091.000000	73.000000	68.607071	946.388855
barcode
	1092.000000	61.000000	66.444489	968.433044
barcode
	1094.000000	69.000000	64.688347	951.971130
barcode
	1094.000000	47.000000	65.377327	996.866638
barcode
	1094.000000	63.000000	63.295105	964.325256
barcode, X`R
	1099.000000	53.000000	58.544796	984.187012
barcode, R`G
	1090.000000	58.000000	70.438446	973.373413
barcode, G`B
	1095.000000	7.000000	61.994789	1076.374268
barcode, B`X
	1093.000000	14.000000	63.644756	1063.858276
barcode
	1092.000000	64.000000	65.452209	962.136780
barcode
	1094.000000	73.000000	64.146439	943.508789
barcode
	1094.000000	51.000000	65.702217	988.815613
barcode
	1093.000000	61.000000	63.463367	966.486084
barcode
	1094.000000	18.000000	60.768276	1051.605591
barcode
	1092.000000	54.000000	65.544785	981.544617
barcode
	1092.000000	66.000000	64.779282	957.001404
barcode
	1091.000000	63.000000	66.215408	963.743896
barcode
	1093.000000	70.000000	64.194580	950.330994
barcode
	1094.000000	52.000000	65.001175	986.814209
barcode
	1094.000000	62.000000	63.636166	965.731384
barcode
	1093.000000	18.000000	60.983765	1052.078857
barcode
	1091.000000	60.000000	67.770477	970.286865
barcode
	1091.000000	64.000000	66.150024	961.601868
barcode
	1090.000000	66.000000	66.777901	958.774597
barcode
	1094.000000	71.000000	64.293182	947.008423
barcode
	1095.000000	49.000000	65.498947	991.917908
barcode
	1094.000000	64.000000	63.090878	960.823120
barcode
	1093.000000	21.000000	62.004704	1046.909790
barcode
	1091.000000	55.000000	67.143295	979.164001
barcode
	1090.000000	79.000000	68.001312	933.566467
barcode
	1091.000000	71.000000	68.320343	949.311829
barcode
	1092.000000	62.000000	65.985619	964.807495
barcode
	1093.000000	71.000000	64.692490	948.441345
barcode
	1094.000000	55.000000	66.196968	980.443237
barcode
	1093.000000	62.000000	63.413357	966.093872
barcode, X`R
	1098.000000	48.000000	59.098644	994.467224
barcode, R`G
	1090.000000	52.000000	69.554169	983.583313
barcode, G`B
	1095.000000	11.000000	62.330940	1068.675171
barcode, B`X
	1092.000000	13.000000	64.882210	1065.842407
barcode
	1091.000000	61.000000	66.335762	968.752930
barcode
	1093.000000	64.000000	64.576950	961.918213
barcode
	1094.000000	54.000000	65.500702	981.961487
barcode
	1093.000000	60.000000	62.907730	969.491882
barcode, X`R
	1094.000000	20.000000	65.057602	1047.684326
barcode
	1090.000000	62.000000	68.116669	964.405029
barcode
	1093.000000	62.000000	63.606220	966.213989
barcode
	1091.000000	65.000000	66.400078	960.640686
barcode
	1093.000000	67.000000	64.799576	956.259888
barcode
	1094.000000	53.000000	65.605957	984.627502
barcode
	1094.000000	63.000000	62.607014	964.325684
barcode
	1094.000000	22.000000	60.587051	1044.761108
barcode
	1090.000000	60.000000	68.641052	969.587891
barcode
	1092.000000	60.000000	64.450424	969.204346
barcode
	1090.000000	64.000000	66.547569	961.299072
barcode
	1093.000000	66.000000	63.994217	957.606812
barcode
	1094.000000	55.000000	65.325996	981.266663
barcode
	1094.000000	62.000000	62.649979	965.345642
barcode, X`R
	1094.000000	25.000000	64.856712	1038.550903
barcode
	1090.000000	60.000000	67.705544	969.014099
barcode
	1090.000000	76.000000	66.796936	939.141724
barcode
	1091.000000	75.000000	68.256958	940.202637
barcode
	1091.000000	61.000000	65.606842	966.704590
barcode
	1093.000000	63.000000	64.747948	963.746155
barcode
	1093.000000	54.000000	65.221573	983.066833
barcode
	1094.000000	60.000000	62.430561	968.321594
barcode, X`R
	1098.000000	49.000000	59.265350	991.741394
barcode, R`G
	1090.000000	48.000000	68.335594	991.758911
barcode, G`B
	1094.000000	15.000000	63.093258	1060.163574
barcode, B`X
	1093.000000	14.000000	63.523258	1062.380371
barcode
	1091.000000	62.000000	66.051384	966.276733
barcode
	1093.000000	67.000000	64.682297	954.633240
barcode
	1093.000000	56.000000	65.324875	979.273804
barcode
	1094.000000	63.000000	62.558826	963.305298
barcode, X`R
	1094.000000	21.000000	64.188652	1046.614014
barcode
	1090.000000	66.000000	68.229584	958.164917
barcode
	1093.000000	64.000000	62.519386	961.709351
barcode
	1091.000000	66.000000	65.741936	957.385132
barcode
	1094.000000	68.000000	63.898628	954.229187
barcode
	1093.000000	52.000000	65.135452	985.593445
barcode
	1093.000000	62.000000	63.054020	964.978394
barcode, X`R
	1093.000000	26.000000	65.377319	1036.500122
barcode
	1089.000000	63.000000	70.027794	962.869507
barcode
	1093.000000	64.000000	63.261131	961.283813
barcode
	1091.000000	64.000000	65.875221	961.005188
barcode
	1093.000000	65.000000	65.205498	959.905151
barcode
	1093.000000	55.000000	66.037560	981.312988
barcode
	1094.000000	62.000000	62.978359	965.454346
barcode, X`R
	1094.000000	23.000000	65.255936	1041.996338
barcode
	1089.000000	68.000000	69.777000	952.676819
barcode
	1090.000000	78.000000	66.933037	934.120056
barcode
	1090.000000	73.000000	67.848267	944.167114
barcode
	1092.000000	64.000000	65.908440	960.959656
barcode
	1093.000000	61.000000	65.040558	967.760376
barcode
	1093.000000	52.000000	65.713982	987.963684
barcode
	1094.000000	61.000000	63.547203	966.192139
barcode, X`R
	1097.000000	51.000000	58.972160	987.203186
barcode, R`G
	1089.000000	55.000000	70.519897	978.547180
barcode, G`B
	1095.000000	7.000000	61.035492	1076.337036
barcode, B`X
	1093.000000	19.000000	64.547760	1052.967651
barcode
	1092.000000	60.000000	65.826363	968.625244
barcode
	1094.000000	58.000000	64.983582	973.256042
barcode
	1094.000000	53.000000	65.098129	985.903320
barcode
	1094.000000	63.000000	62.320820	962.923584
barcode, X`R
	1094.000000	28.000000	65.145111	1032.698608
barcode
	1089.000000	66.000000	68.851555	958.178040
barcode
	1093.000000	65.000000	62.975456	959.797852
barcode
	1091.000000	63.000000	66.023529	964.130066
barcode
	1093.000000	64.000000	64.119545	962.773804
barcode
	1093.000000	57.000000	64.707649	977.470337
barcode
	1094.000000	59.000000	62.519218	970.420898
barcode, X`R
	1094.000000	25.000000	62.656319	1038.556274
barcode
	1089.000000	68.000000	70.120811	954.112122
barcode
	1093.000000	63.000000	62.825859	964.071655
barcode
	1091.000000	65.000000	66.510712	958.494324
barcode
	1093.000000	63.000000	64.499382	964.570618
barcode
	1093.000000	58.000000	65.325943	974.135071
barcode
	1094.000000	64.000000	62.341248	962.611816
barcode, X`R
	1094.000000	22.000000	63.873890	1043.935425
barcode
	1089.000000	69.000000	68.892982	952.015076
barcode
	1090.000000	77.000000	66.105583	936.498169
barcode
	1090.000000	71.000000	67.180191	947.605408
barcode
	1091.000000	65.000000	65.281029	959.177734
barcode
	1092.000000	63.000000	64.772232	963.772339
barcode
	1092.000000	61.000000	65.882698	969.648560
barcode
	1093.000000	62.000000	63.337456	965.134949
barcode, X`R
	1099.000000	47.000000	57.855492	994.898376
barcode, R`G
	1090.000000	54.000000	70.146042	981.012634
barcode, G`B
	1095.000000	18.000000	61.546406	1055.042358
barcode, B`X
	1093.000000	21.000000	64.528259	1048.279053
barcode
	1090.000000	66.000000	66.811020	957.151978
barcode
	1093.000000	67.000000	65.378906	956.722717
barcode
	1093.000000	61.000000	64.985153	970.205200
barcode
	1094.000000	63.000000	62.533348	964.449829
barcode, X`R
	1094.000000	30.000000	61.409225	1027.744019
barcode
	1088.000000	75.000000	69.761482	939.979431
barcode
	1093.000000	69.000000	62.176975	950.903198
barcode
	1091.000000	64.000000	66.060074	961.456482
barcode
	1093.000000	68.000000	65.006050	955.139343
barcode
	1093.000000	59.000000	64.236214	973.439636
barcode
	1094.000000	64.000000	61.442120	961.574097
barcode, X`R
	1094.000000	24.000000	60.759281	1040.687378
barcode
	1088.000000	70.000000	70.452721	950.744141
barcode
	1093.000000	64.000000	63.181129	961.648071
barcode
	1090.000000	63.000000	66.431404	963.039978
barcode
	1093.000000	69.000000	65.359924	952.612122
barcode
	1092.000000	62.000000	64.855560	968.293945
barcode
	1094.000000	60.000000	62.870228	968.746582
barcode, X`R
	1094.000000	25.000000	60.564163	1038.629639
barcode
	1089.000000	75.000000	70.442215	939.031738
barcode
	1090.000000	77.000000	66.420303	936.431213
barcode
	1091.000000	68.000000	66.699982	954.296875
barcode
	1091.000000	65.000000	65.772606	958.815247
barcode
	1093.000000	72.000000	64.260933	948.534912
barcode
	1093.000000	63.000000	63.998867	966.351440
barcode
	1094.000000	65.000000	62.982697	959.352417
barcode, X`R
	1099.000000	48.000000	56.107006	994.157593
barcode, R`G
	1089.000000	54.000000	71.422546	981.339783
barcode, G`B
	1094.000000	19.000000	63.532364	1052.449463
barcode, B`X
	1092.000000	28.000000	65.914246	1034.147583
barcode
	1090.000000	68.000000	67.847496	953.323792
barcode
	1092.000000	73.000000	65.600204	945.333191
barcode
	1092.000000	65.000000	65.309059	962.666321
barcode
	1093.000000	68.000000	64.049622	954.725037
barcode, X`R
	1095.000000	36.000000	60.604786	1015.684875
barcode
	1088.000000	83.000000	73.106613	924.661621
barcode
	1093.000000	74.000000	63.483711	941.377197
barcode
	1091.000000	64.000000	66.410812	961.890625
barcode
	1093.000000	73.000000	65.251762	946.004822
barcode
	1092.000000	66.000000	64.998367	961.016968
barcode
	1094.000000	67.000000	62.643478	956.965027
barcode, X`R
	1094.000000	28.000000	59.852119	1031.961670
barcode
	1089.000000	76.000000	69.764709	936.818420
barcode
	1093.000000	68.000000	62.374149	952.120056
barcode
	1091.000000	64.000000	65.093155	961.950989
barcode
	1093.000000	73.000000	64.088486	945.416016
barcode
	1093.000000	65.000000	64.346725	962.595337
barcode
	1094.000000	65.000000	62.001385	960.659363
barcode, X`R
	1095.000000	31.000000	58.893974	1027.225098
barcode
	1089.000000	74.000000	68.514412	940.763367
barcode
	1090.000000	74.000000	65.000526	941.228943
barcode
	1092.000000	68.000000	65.752083	953.104187
barcode
	1090.000000	64.000000	66.468506	960.264893
barcode
	1093.000000	78.000000	64.213799	935.760376
barcode
	1092.000000	65.000000	64.984779	963.035156
barcode
	1094.000000	65.000000	61.802952	960.199890
barcode, X`R
	1098.000000	45.000000	57.321259	999.112427
barcode, R`G
	1089.000000	59.000000	71.961075	970.047119
barcode, G`B
	1095.000000	17.000000	61.487404	1055.851318
barcode, B`X
	1092.000000	26.000000	63.771652	1037.194824
barcode
	1091.000000	69.000000	65.591835	950.591370
barcode
	1094.000000	79.000000	63.227463	935.053345
barcode
	1093.000000	67.000000	62.964077	958.882996
barcode
	1095.000000	66.000000	61.326111	958.039978
barcode, X`R
	1097.000000	38.000000	57.685059	1012.638855
barcode
	1090.000000	77.000000	68.827377	935.595032
barcode
	1094.000000	77.000000	62.191910	935.001892
barcode
	1091.000000	63.000000	65.088608	962.309814
barcode
	1093.000000	78.000000	63.788780	935.969604
barcode
	1092.000000	65.000000	63.421097	962.219849
barcode
	1095.000000	68.000000	61.071682	954.315735
barcode, X`R
	1097.000000	39.000000	57.137684	1009.165161
barcode
	1089.000000	79.000000	69.206619	931.520081
barcode
	1092.000000	78.000000	63.457447	932.743713
barcode
	1091.000000	63.000000	66.212631	963.290527
barcode
	1093.000000	78.000000	63.860493	935.672668
barcode
	1093.000000	68.000000	63.562744	956.773010
barcode
	1093.000000	65.000000	62.467266	960.498840
barcode, X`R
	1096.000000	33.000000	57.863457	1022.743469
barcode
	1090.000000	76.000000	68.070595	936.182434
barcode
	1090.000000	74.000000	65.122589	942.569763
barcode
	1090.000000	68.000000	66.715332	952.345703
barcode
	1090.000000	65.000000	67.026573	959.278931
barcode
	1093.000000	82.000000	64.454689	928.843201
barcode
	1093.000000	68.000000	63.396049	955.219360
barcode
	1093.000000	64.000000	62.505325	962.891174
barcode, X`R
	1097.000000	41.000000	58.493385	1007.217102
barcode, R`G
	1088.000000	58.000000	71.687111	974.685669
barcode, G`B
	1094.000000	19.000000	62.870407	1051.906616
barcode, B`X
	1093.000000	33.000000	62.611214	1024.218994
barcode
	1091.000000	70.000000	64.926468	949.035767
barcode
	1093.000000	85.000000	63.720215	921.746582
barcode
	1094.000000	72.000000	62.180420	947.906921
barcode
	1094.000000	67.000000	61.135597	956.707214
barcode, X`R
	1097.000000	28.000000	57.098495	1032.626099
barcode
	1090.000000	77.000000	67.974251	935.594727
barcode
	1093.000000	73.000000	61.964630	943.049377
barcode
	1091.000000	66.000000	65.773491	957.848572
barcode
	1093.000000	82.000000	63.750252	928.071411
barcode
	1093.000000	66.000000	61.851933	960.860779
barcode
	1094.000000	67.000000	61.355724	957.580994
barcode, X`R
	1096.000000	37.000000	56.009598	1014.539246
barcode
	1089.000000	77.000000	68.546913	934.667419
barcode
	1092.000000	83.000000	64.064888	923.780212
barcode
	1091.000000	67.000000	66.353516	954.336365
barcode
	1093.000000	86.000000	64.154495	919.917908
barcode
	1094.000000	73.000000	62.419044	946.452698
barcode
	1094.000000	69.000000	61.726830	952.893311
barcode, X`R
	1096.000000	48.000000	58.511616	992.048828
barcode
	1090.000000	82.000000	67.772552	924.614868
barcode
	1091.000000	76.000000	64.263535	937.193298
barcode
	1091.000000	66.000000	66.883278	955.905579
barcode
	1091.000000	65.000000	65.920784	957.734192
barcode
	1093.000000	84.000000	63.628777	923.885864
barcode
	1093.000000	71.000000	62.023415	949.646790
barcode
	1093.000000	67.000000	61.672989	957.069946
barcode, X`R
	1097.000000	41.000000	56.392075	1008.252991
barcode, R`G
	1089.000000	74.000000	71.774612	941.593933
barcode, G`B
	1095.000000	27.000000	62.032692	1035.559570
barcode, B`X
	1091.000000	30.000000	62.781952	1029.403076
barcode
	1091.000000	71.000000	64.647507	946.633362
barcode
	1093.000000	85.000000	63.686909	921.498169
barcode
	1094.000000	74.000000	61.241196	944.301086
barcode
	1094.000000	67.000000	60.901093	956.827332
barcode, X`R
	1096.000000	39.000000	57.893234	1010.690430
barcode
	1090.000000	82.000000	67.725266	924.967102
barcode
	1093.000000	82.000000	62.583641	925.910034
barcode
	1090.000000	70.000000	65.998314	949.413696
barcode
	1093.000000	85.000000	63.625668	921.366577
barcode
	1094.000000	75.000000	61.031250	943.155823
barcode
	1094.000000	68.000000	61.432693	955.644409
barcode, X`R
	1096.000000	40.000000	57.500195	1009.254456
barcode
	1089.000000	80.000000	67.884720	929.035583
barcode
	1092.000000	79.000000	63.350471	930.787292
barcode
	1090.000000	69.000000	65.922409	951.419800
barcode
	1093.000000	86.000000	64.037254	919.883911
barcode
	1094.000000	79.000000	61.418137	934.352844
barcode
	1094.000000	69.000000	61.276432	952.094727
barcode, X`R
	1094.000000	29.000000	59.834099	1029.351196
barcode
	1090.000000	81.000000	68.496552	926.194702
barcode
	1092.000000	74.000000	63.762539	940.833679
barcode
	1091.000000	63.000000	66.193588	963.097839
barcode
	1090.000000	67.000000	66.265198	953.788574
barcode
	1093.000000	82.000000	63.612148	927.386658
barcode
	1094.000000	80.000000	60.730061	933.070740
barcode
	1094.000000	68.000000	61.469070	954.763672
barcode, X`R
	1094.000000	25.000000	60.586361	1039.521118
barcode, RR`
	1094.000000	63.000000	63.649685	965.210388
