barcode
	1206.000000	32.000000	89.493973	993.631714
barcode
	1204.000000	33.000000	92.589630	994.851868
barcode
	1206.000000	33.000000	89.310165	995.911987
barcode
	1209.000000	41.000000	83.222946	979.614258
barcode
	1207.000000	47.000000	85.469742	965.971008
barcode
	1207.000000	26.000000	82.759346	1007.581909
barcode
	1206.000000	21.000000	85.673782	1019.216797
barcode, X`R
	1208.000000	29.000000	86.409767	1004.879272
barcode, R`G
	1212.000000	7.000000	80.115501	1047.911987
barcode, G`B
	1206.000000	18.000000	76.967659	1025.523804
barcode, B`X
	1210.000000	41.000000	81.135918	977.453491
barcode, R`G
	1206.000000	6.000000	91.162460	1055.208130
barcode
	1207.000000	48.000000	85.727798	963.984009
barcode
	1207.000000	27.000000	82.626625	1004.534790
barcode, X`R
	1210.000000	20.000000	81.613754	1023.367188
barcode
	1206.000000	22.000000	87.898705	1016.037231
barcode
	1206.000000	35.000000	89.302567	989.838257
barcode
	1207.000000	39.000000	87.819778	983.600037
barcode
	1208.000000	41.000000	82.745216	978.864258
barcode
	1206.000000	53.000000	86.489357	955.167908
barcode
	1207.000000	25.000000	83.483589	1007.903503
barcode
	1205.000000	22.000000	86.954094	1017.860901
barcode
	1206.000000	18.000000	88.293518	1023.125000
barcode
	1206.000000	36.000000	90.235977	988.714661
barcode
	1207.000000	40.000000	87.466263	981.207703
barcode
	1208.000000	43.000000	84.734261	975.200806
barcode
	1206.000000	50.000000	86.999741	960.967041
barcode
	1207.000000	24.000000	82.812485	1010.282959
barcode
	1205.000000	22.000000	86.182732	1019.377075
barcode
	1194.000000	61.000000	99.284790	939.237732
barcode
	1206.000000	33.000000	90.169586	994.910706
barcode
	1205.000000	32.000000	91.820137	996.228027
barcode
	1206.000000	32.000000	90.022255	997.002563
barcode
	1208.000000	42.000000	83.731987	977.014709
barcode
	1206.000000	50.000000	86.052780	960.108643
barcode
	1206.000000	20.000000	83.510803	1019.088501
barcode
	1205.000000	21.000000	87.171158	1019.685059
barcode, X`R
	1208.000000	25.000000	85.664467	1013.259155
barcode, R`G
	1210.000000	18.000000	83.768814	1024.119995
barcode, G`B
	1207.000000	12.000000	75.353485	1037.104614
barcode, B`X
	1211.000000	38.000000	80.447762	982.359741
barcode
	1208.000000	46.000000	83.767120	970.892700
barcode
	1207.000000	50.000000	85.294250	961.122803
barcode
	1206.000000	18.000000	86.314240	1023.525818
barcode
	1200.000000	59.000000	88.058762	947.682495
barcode
	1206.000000	21.000000	89.909233	1017.170532
barcode
	1206.000000	36.000000	90.288033	988.545593
barcode
	1207.000000	42.000000	87.509964	976.095703
barcode
	1208.000000	44.000000	84.007637	973.035522
barcode
	1206.000000	48.000000	86.238258	965.128540
barcode
	1206.000000	16.000000	85.360367	1026.412842
barcode
	1205.000000	20.000000	87.209641	1022.678406
barcode
	1205.000000	25.000000	90.391678	1009.103821
barcode
	1206.000000	37.000000	89.041252	986.520508
barcode
	1208.000000	45.000000	86.767120	970.703430
barcode
	1208.000000	48.000000	84.293961	965.741150
barcode
	1206.000000	48.000000	86.172096	965.635742
barcode
	1206.000000	20.000000	84.031784	1017.801147
barcode
	1205.000000	20.000000	86.244980	1023.882385
barcode
	1194.000000	61.000000	99.493225	938.823853
barcode
	1206.000000	31.000000	89.977928	998.690613
barcode
	1205.000000	34.000000	90.970345	992.951538
barcode
	1206.000000	36.000000	88.675919	990.825806
barcode
	1208.000000	47.000000	83.376503	967.463379
barcode
	1207.000000	49.000000	84.831757	963.815308
barcode
	1206.000000	21.000000	85.701820	1016.113953
barcode
	1205.000000	19.000000	86.189133	1025.035889
barcode, X`R
	1208.000000	32.000000	86.463272	998.383789
barcode, R`G
	1211.000000	30.000000	82.652863	1000.069275
barcode, G`B
	1207.000000	8.000000	75.088402	1043.324951
barcode, B`X
	1211.000000	40.000000	80.196297	978.415894
barcode
	1208.000000	43.000000	84.068100	977.645386
barcode, R`G
	1211.000000	29.000000	81.071625	1006.848206
barcode
	1206.000000	15.000000	84.553223	1030.500000
barcode
	1201.000000	59.000000	87.359962	947.458740
barcode
	1207.000000	28.000000	88.952950	1005.078308
barcode
	1207.000000	37.000000	88.750633	987.229065
barcode
	1207.000000	47.000000	87.107796	967.734985
barcode
	1207.000000	48.000000	84.583138	966.821411
barcode
	1207.000000	47.000000	85.287888	967.335571
barcode
	1206.000000	15.000000	84.596512	1030.666748
barcode
	1205.000000	20.000000	86.996002	1021.627930
barcode
	1207.000000	25.000000	88.286880	1010.645142
barcode
	1206.000000	34.000000	89.044930	994.026672
barcode
	1208.000000	46.000000	86.371788	969.963440
barcode
	1208.000000	48.000000	83.996117	967.080383
barcode
	1207.000000	47.000000	84.637794	966.126587
barcode
	1206.000000	14.000000	85.040375	1031.105103
barcode
	1205.000000	20.000000	86.856522	1021.820557
barcode
	1210.000000	22.000000	84.237610	1019.491577
barcode
	1208.000000	51.000000	87.364250	963.675232
barcode
	1205.000000	38.000000	91.744583	984.531250
barcode
	1206.000000	34.000000	88.117058	995.249023
barcode
	1208.000000	47.000000	83.648766	968.486572
barcode
	1207.000000	46.000000	85.100182	969.024597
barcode
	1206.000000	17.000000	85.339081	1025.558105
barcode
	1205.000000	18.000000	86.797264	1025.038208
barcode, X`R
	1208.000000	34.000000	85.617783	995.112305
barcode, R`G
	1211.000000	22.000000	82.382401	1016.794800
barcode, G`B
	1207.000000	1.000000	74.763290	1056.334595
barcode, B`X
	1211.000000	38.000000	79.908318	982.371277
barcode
	1207.000000	49.000000	84.516510	965.353821
barcode
	1207.000000	45.000000	84.044640	971.587158
barcode
	1206.000000	14.000000	85.070145	1031.692871
barcode
	1201.000000	58.000000	86.895103	948.418335
barcode
	1206.000000	30.000000	89.119072	1000.873230
barcode
	1207.000000	34.000000	88.191002	993.642090
barcode
	1208.000000	46.000000	85.603806	967.310791
barcode
	1207.000000	47.000000	84.608849	967.332825
barcode
	1207.000000	45.000000	84.757729	970.823425
barcode
	1205.000000	14.000000	85.819977	1032.334473
barcode
	1205.000000	17.000000	86.929688	1028.823486
barcode
	1206.000000	30.000000	89.530029	1001.271118
barcode
	1208.000000	36.000000	87.441269	989.852051
barcode
	1208.000000	43.000000	85.764488	972.401794
barcode
	1207.000000	48.000000	85.071945	965.784668
barcode
	1207.000000	43.000000	84.932266	974.690613
barcode
	1206.000000	11.000000	84.940117	1037.737793
barcode
	1205.000000	19.000000	86.833778	1025.122925
barcode
	1194.000000	67.000000	99.146950	926.968811
barcode
	1207.000000	36.000000	89.218414	989.182312
barcode
	1206.000000	43.000000	89.289177	974.992249
barcode
	1206.000000	40.000000	88.183960	982.699524
barcode
	1207.000000	53.000000	85.286011	957.252075
barcode
	1207.000000	47.000000	85.019218	968.037598
barcode
	1205.000000	10.000000	85.952385	1041.290771
barcode
	1205.000000	19.000000	87.760429	1023.909363
barcode, X`R
	1209.000000	34.000000	84.766556	995.123840
barcode, R`G
	1212.000000	6.000000	80.719528	1048.133911
barcode, G`B
	1208.000000	7.000000	74.476883	1045.453369
barcode, B`X
	1211.000000	38.000000	79.812912	982.624268
barcode
	1207.000000	51.000000	85.082550	961.974854
barcode
	1207.000000	40.000000	84.857925	981.623840
barcode, R`G
	1205.000000	26.000000	90.646957	1008.216309
barcode, X`R
	1210.000000	23.000000	81.311707	1016.472046
barcode
	1207.000000	27.000000	86.178421	1007.670654
barcode
	1207.000000	39.000000	87.947800	983.824524
barcode
	1208.000000	41.000000	85.418930	978.323914
barcode
	1206.000000	51.000000	86.469810	961.036926
barcode
	1207.000000	41.000000	84.629349	979.593506
barcode
	1205.000000	12.000000	86.745811	1036.395996
barcode
	1205.000000	16.000000	87.429146	1029.483887
barcode
	1205.000000	29.000000	91.407913	1004.522949
barcode
	1207.000000	40.000000	88.291199	983.458679
barcode
	1208.000000	42.000000	85.696083	977.399719
barcode
	1206.000000	49.000000	85.752251	964.030640
barcode
	1207.000000	40.000000	84.797592	982.432739
barcode
	1205.000000	10.000000	86.125977	1041.395264
barcode
	1205.000000	14.000000	87.042976	1033.913330
barcode
	1209.000000	11.000000	84.702171	1040.582031
barcode
	1210.000000	58.000000	85.637024	951.077759
barcode
	1207.000000	49.000000	88.631561	963.120422
barcode
	1207.000000	35.000000	87.268700	993.110962
barcode
	1206.000000	51.000000	85.634354	959.832886
barcode
	1207.000000	39.000000	83.391731	983.715210
barcode
	1205.000000	14.000000	87.273949	1030.967407
barcode
	1205.000000	14.000000	87.016449	1033.304321
barcode, X`R
	1209.000000	33.000000	84.704010	995.986755
barcode, R`G
	1211.000000	11.000000	81.813019	1036.615845
barcode, G`B
	1208.000000	5.000000	73.693588	1049.233398
barcode, B`X
	1211.000000	42.000000	78.522919	974.282104
barcode
	1206.000000	52.000000	85.484222	958.622009
barcode
	1207.000000	36.000000	83.419830	989.761536
barcode
	1205.000000	10.000000	86.545822	1040.118286
barcode
	1201.000000	55.000000	86.665718	955.228210
barcode
	1206.000000	33.000000	89.882141	997.115356
barcode
	1208.000000	41.000000	86.678413	980.086365
barcode
	1209.000000	39.000000	84.437210	983.692505
barcode
	1206.000000	55.000000	86.098785	952.942627
barcode
	1207.000000	32.000000	83.416145	998.798401
barcode
	1205.000000	12.000000	86.993614	1036.469971
barcode
	1206.000000	15.000000	86.810394	1030.745850
barcode
	1206.000000	34.000000	90.122787	994.281494
barcode
	1208.000000	41.000000	85.700363	979.612427
barcode
	1208.000000	37.000000	84.575417	986.410461
barcode
	1206.000000	54.000000	85.673470	954.554871
barcode
	1207.000000	30.000000	83.450981	1001.784973
barcode
	1206.000000	10.000000	85.609650	1042.219482
barcode
	1205.000000	15.000000	87.450150	1030.777222
barcode
	1195.000000	63.000000	98.208817	935.356262
barcode
	1208.000000	40.000000	86.479820	982.139648
barcode
	1207.000000	45.000000	88.342850	971.750000
barcode
	1206.000000	40.000000	88.042953	982.582520
barcode
	1206.000000	54.000000	86.399628	955.794434
barcode
	1207.000000	35.000000	83.956757	990.938416
barcode
	1205.000000	10.000000	87.498642	1041.419556
barcode
	1205.000000	16.000000	87.879097	1028.186157
barcode, X`R
	1208.000000	30.000000	84.863289	1001.185730
barcode, R`G
	1212.000000	6.000000	79.611786	1049.285278
barcode, G`B
	1208.000000	3.000000	73.123352	1055.238770
barcode, B`X
	1211.000000	36.000000	79.618629	986.859802
barcode
	1206.000000	54.000000	86.295738	955.882202
barcode
	1207.000000	28.000000	84.219170	1005.153870
barcode, G`B
	1205.000000	5.000000	80.222908	1047.795166
barcode, X`R
	1208.000000	26.000000	86.822578	1011.760925
barcode, X`R
	1214.000000	28.000000	74.698036	1005.454285
barcode
	1206.000000	33.000000	90.797134	997.633057
barcode
	1207.000000	40.000000	88.203537	984.763489
barcode
	1209.000000	46.000000	87.256248	973.063110
barcode
	1209.000000	50.000000	85.932434	964.127563
barcode
	1208.000000	47.000000	86.647888	968.737671
barcode
	1206.000000	41.000000	90.992371	981.327026
barcode
	1207.000000	40.000000	87.752121	981.185303
barcode
	1206.000000	32.000000	89.276665	999.379700
barcode
	1206.000000	42.000000	90.271614	981.378296
barcode
	1209.000000	46.000000	87.350128	974.055542
barcode
	1210.000000	51.000000	85.371048	963.147339
barcode
	1208.000000	48.000000	87.859818	968.771729
barcode
	1206.000000	38.000000	90.977341	987.373962
barcode
	1200.000000	50.000000	86.918091	968.343628
barcode
	1205.000000	16.000000	86.498001	1030.946777
barcode
	1206.000000	43.000000	89.176323	978.725830
barcode
	1206.000000	35.000000	88.442352	993.328369
barcode
	1212.000000	25.000000	92.076469	1015.774719
barcode
	1209.000000	48.000000	86.117882	968.714233
barcode
	1208.000000	45.000000	87.687347	974.271423
barcode
	1205.000000	37.000000	92.383774	990.243286
barcode
	1207.000000	41.000000	87.848045	980.113403
barcode, RR`
	1204.000000	0.000000	94.938919	1065.604248
barcode, GG`
	1210.000000	22.000000	84.063889	1022.479126
barcode, BB`
	1203.000000	41.000000	89.440498	977.685730
barcode
	1209.000000	47.000000	85.598343	970.053040
barcode
	1210.000000	51.000000	85.700226	961.855469
barcode
	1208.000000	47.000000	86.672508	970.484863
barcode
	1206.000000	40.000000	89.721222	984.113708
barcode, X`R
	1214.000000	26.000000	74.270172	1008.777649
barcode
	1206.000000	34.000000	91.055191	995.383240
barcode
	1206.000000	45.000000	90.417610	974.283936
barcode
	1210.000000	41.000000	86.113922	984.549255
barcode
	1209.000000	50.000000	86.147156	964.069153
barcode
	1208.000000	49.000000	87.238708	966.142944
barcode
	1205.000000	36.000000	91.764297	992.588928
barcode
	1207.000000	37.000000	87.611519	986.624512
barcode
	1205.000000	33.000000	92.315468	998.835754
barcode
	1207.000000	40.000000	87.844223	985.401062
barcode
	1210.000000	40.000000	85.170456	984.783142
barcode
	1210.000000	52.000000	84.936333	960.558533
barcode
	1209.000000	47.000000	85.998856	970.779602
barcode
	1206.000000	36.000000	90.040443	990.940857
barcode
	1200.000000	51.000000	86.336845	966.986755
barcode
	1205.000000	21.000000	85.351448	1021.673584
barcode
	1207.000000	42.000000	88.941933	980.481262
barcode
	1206.000000	37.000000	89.718582	988.527954
barcode
	1212.000000	25.000000	91.354927	1016.380798
barcode
	1212.000000	33.000000	90.146706	997.494263
barcode
	1208.000000	45.000000	87.916824	974.840698
barcode
	1206.000000	37.000000	89.530106	988.657654
barcode
	1206.000000	43.000000	87.972961	975.281311
barcode, RR`
	1204.000000	7.000000	95.097847	1051.197144
barcode, GG`
	1209.000000	30.000000	84.582726	1006.453857
barcode, BB`
	1203.000000	48.000000	89.076172	963.925293
barcode
	1209.000000	46.000000	85.947159	974.015259
barcode
	1211.000000	31.000000	92.757034	1000.739014
barcode
	1208.000000	42.000000	88.045975	981.228577
barcode
	1205.000000	22.000000	86.890579	1021.236206
barcode, X`R, B`X
	1212.000000	37.000000	77.726028	985.779480
barcode
	1204.000000	35.000000	96.240791	994.369324
barcode
	1206.000000	40.000000	90.561195	985.855225
barcode
	1211.000000	25.000000	93.040253	1016.176086
barcode
	1212.000000	30.000000	91.842232	1003.619263
barcode
	1208.000000	41.000000	88.463036	982.140381
barcode
	1206.000000	33.000000	90.985786	997.039429
barcode
	1207.000000	42.000000	87.104736	977.457642
barcode
	1204.000000	36.000000	94.846596	992.154419
barcode
	1206.000000	42.000000	89.804451	981.509827
barcode
	1212.000000	24.000000	91.575859	1018.386475
barcode
	1213.000000	31.000000	90.322098	1001.190735
barcode
	1208.000000	41.000000	87.607620	982.280823
barcode
	1205.000000	36.000000	90.993210	991.003906
barcode
	1207.000000	40.000000	87.255814	980.747253
barcode
	1205.000000	14.000000	93.759262	1037.690796
barcode
	1206.000000	39.000000	89.260712	986.294067
barcode
	1206.000000	34.000000	89.544609	994.273438
barcode
	1210.000000	41.000000	86.069115	985.687317
barcode
	1210.000000	54.000000	84.989532	956.584717
barcode
	1208.000000	40.000000	86.827850	984.534790
barcode
	1205.000000	37.000000	89.708603	988.622559
barcode
	1206.000000	39.000000	85.668869	983.359070
barcode, RR`
	1204.000000	7.000000	95.008377	1049.929077
barcode, GG`
	1210.000000	14.000000	82.410416	1035.885132
barcode, BB`
	1204.000000	54.000000	86.497154	950.806702
barcode
	1209.000000	44.000000	84.236694	975.916443
barcode
	1211.000000	55.000000	82.328972	953.710510
barcode
	1209.000000	37.000000	84.317978	989.004944
barcode
	1206.000000	38.000000	88.049400	986.540405
barcode, X`R
	1214.000000	23.000000	73.620468	1014.196289
barcode
	1207.000000	26.000000	87.020248	1012.444275
barcode
	1207.000000	39.000000	88.204971	986.048828
barcode
	1210.000000	34.000000	85.390495	997.646118
barcode
	1210.000000	51.000000	84.109215	961.745605
barcode
	1210.000000	35.000000	82.437599	994.959595
barcode
	1205.000000	39.000000	88.281883	984.743103
barcode
	1206.000000	38.000000	85.441933	984.716736
barcode
	1206.000000	24.000000	88.977646	1014.622986
barcode
	1206.000000	35.000000	89.138748	993.945740
barcode
	1210.000000	33.000000	85.617790	999.329651
barcode
	1211.000000	52.000000	82.558792	958.717712
barcode
	1209.000000	35.000000	85.048935	993.211060
barcode
	1206.000000	40.000000	88.789948	982.809448
barcode
	1200.000000	50.000000	87.154411	966.147034
barcode
	1205.000000	25.000000	83.466019	1012.813049
barcode
	1207.000000	32.000000	87.432854	999.718689
barcode
	1207.000000	30.000000	87.658249	1001.591614
barcode
	1211.000000	29.000000	83.069801	1007.687683
barcode
	1211.000000	51.000000	81.048958	961.531982
barcode
	1210.000000	28.000000	82.952118	1007.584106
barcode
	1205.000000	41.000000	89.074768	981.204102
barcode
	1206.000000	38.000000	85.867767	984.225098
barcode, RR`
	1205.000000	5.000000	93.902596	1052.442017
barcode, GG`
	1210.000000	20.000000	83.268890	1023.080811
barcode, BB`
	1204.000000	54.000000	85.470741	951.269714
barcode
	1210.000000	40.000000	83.518570	984.752075
barcode
	1210.000000	49.000000	83.874725	963.692688
barcode
	1210.000000	28.000000	82.685822	1008.588501
barcode
	1205.000000	15.000000	87.462875	1033.357422
barcode, BB`
	1199.000000	72.000000	89.793320	917.757751
R`G, 
	1215.000000	14.000000	94.119080	1038.130615
barcode
	1206.000000	34.000000	88.215652	996.206909
barcode
	1210.000000	24.000000	83.660172	1017.259033
barcode
	1210.000000	51.000000	84.438339	962.534485
barcode
	1209.000000	26.000000	84.576164	1010.687744
barcode
	1205.000000	41.000000	89.045990	979.986267
barcode
	1206.000000	37.000000	85.694283	986.518860
barcode
	1207.000000	23.000000	86.312973	1016.478149
barcode
	1207.000000	32.000000	88.186523	999.143921
barcode
	1211.000000	28.000000	83.613098	1011.103149
barcode
	1211.000000	48.000000	82.647102	967.057739
barcode
	1209.000000	27.000000	84.107574	1008.891479
barcode
	1205.000000	39.000000	88.251556	983.886108
barcode
	1200.000000	49.000000	87.287544	968.764832
barcode
	1205.000000	30.000000	83.439285	1003.625854
barcode
	1207.000000	32.000000	86.472946	999.928833
barcode
	1206.000000	30.000000	88.443039	1000.836243
barcode
	1211.000000	29.000000	83.135803	1008.926208
barcode
	1211.000000	47.000000	82.100685	968.550476
barcode
	1209.000000	24.000000	83.688004	1014.526917
barcode
	1206.000000	40.000000	87.479568	981.279907
barcode
	1206.000000	36.000000	84.767082	987.584229
barcode, RR`
	1206.000000	6.000000	91.764587	1049.693604
barcode, GG`
	1211.000000	25.000000	82.926773	1012.606750
barcode, BB`
	1203.000000	56.000000	84.808372	945.249817
barcode
	1210.000000	33.000000	84.008736	998.732056
