barcode
	1029.000000	51.000000	105.222305	957.433411
barcode
	1030.000000	45.000000	104.711769	967.206299
barcode
	1028.000000	48.000000	104.191193	963.765869
barcode
	1032.000000	50.000000	98.137337	960.529541
barcode
	1029.000000	36.000000	105.079697	988.175781
barcode
	1030.000000	58.000000	106.701508	944.246277
barcode
	1032.000000	53.000000	105.214767	956.587463
barcode
	1028.000000	46.000000	103.607033	967.860535
barcode
	1028.000000	49.000000	105.902336	961.154480
barcode
	1029.000000	49.000000	105.064331	961.607605
barcode, RR`
	1029.000000	49.000000	107.583755	963.625854
barcode, GG`
	1028.000000	72.000000	104.755836	919.152893
barcode, BB`
	1031.000000	88.000000	103.947014	884.906372
barcode
	1030.000000	65.000000	107.207787	932.810303
barcode
	1032.000000	55.000000	105.210670	954.033325
barcode
	1028.000000	46.000000	103.965408	968.450500
barcode
	1028.000000	50.000000	106.591576	959.805542
barcode
	1030.000000	44.000000	105.400650	968.931091
barcode
	1027.000000	44.000000	106.126495	971.242737
barcode
	1030.000000	51.000000	101.417870	958.075500
barcode
	1031.000000	56.000000	106.104027	948.243225
barcode
	1032.000000	53.000000	104.270264	957.147766
barcode
	1028.000000	45.000000	104.312553	969.542358
barcode
	1029.000000	48.000000	107.253754	962.784790
barcode
	1030.000000	44.000000	105.589401	970.523499
barcode
	1028.000000	42.000000	106.088196	975.811035
barcode
	1030.000000	50.000000	101.947746	960.008118
barcode
	1031.000000	54.000000	107.033524	950.855774
barcode
	1032.000000	55.000000	104.800621	952.521667
barcode
	1029.000000	45.000000	103.330269	969.976318
barcode
	1029.000000	50.000000	106.911621	960.214844
barcode
	1030.000000	52.000000	104.309624	954.431335
barcode
	1028.000000	43.000000	105.403008	975.012451
barcode
	1030.000000	47.000000	103.670616	966.023010
barcode
	1029.000000	37.000000	105.110153	986.164246
barcode
	1032.000000	53.000000	105.568031	954.562683
barcode
	1032.000000	51.000000	106.046272	961.715698
barcode
	1029.000000	45.000000	103.723358	969.275513
barcode
	1030.000000	48.000000	107.051987	962.880310
barcode
	1030.000000	50.000000	104.764633	958.431580
barcode, RR`
	1029.000000	43.000000	106.872910	974.862671
barcode, GG`
	1031.000000	64.000000	102.806747	937.724060
barcode, BB`
	1031.000000	86.000000	100.965637	890.577332
barcode
	1032.000000	65.000000	103.438629	932.159607
barcode
	1032.000000	51.000000	103.905022	963.190918
barcode
	1029.000000	46.000000	103.402657	967.139343
barcode
	1029.000000	44.000000	107.111481	971.665100
barcode
	1031.000000	47.000000	104.573372	965.531921
barcode
	1027.000000	41.000000	106.251595	977.810730
barcode
	1029.000000	53.000000	103.554436	955.778137
barcode
	1032.000000	54.000000	104.039574	951.313538
barcode
	1033.000000	50.000000	103.788345	963.357178
barcode
	1029.000000	45.000000	102.734932	969.353088
barcode
	1030.000000	46.000000	108.023468	968.024597
barcode
	1033.000000	66.000000	101.067406	929.007874
barcode
	1029.000000	51.000000	106.596375	961.287476
barcode
	1033.000000	56.000000	103.705696	948.352234
barcode
	1033.000000	50.000000	104.169701	964.454224
barcode
	1030.000000	46.000000	104.310089	966.811707
barcode
	1030.000000	46.000000	109.200676	968.094788
barcode
	1031.000000	43.000000	105.142448	972.775635
barcode
	1029.000000	37.000000	105.917191	987.601135
barcode
	1030.000000	51.000000	105.427589	959.048523
barcode
	1030.000000	35.000000	104.916901	990.196106
barcode
	1033.000000	54.000000	104.522453	952.742126
barcode
	1032.000000	50.000000	106.730057	963.753723
barcode
	1030.000000	47.000000	105.292267	965.084106
barcode
	1030.000000	46.000000	109.455688	966.962952
barcode
	1031.000000	42.000000	105.987541	974.748779
barcode, RR`
	1029.000000	28.000000	107.207588	1005.865662
barcode, GG`
	1031.000000	66.000000	100.966705	936.914673
barcode, BB`
	1031.000000	69.000000	97.754601	923.639038
barcode
	1034.000000	65.000000	99.911789	932.313965
barcode
	1032.000000	50.000000	105.655327	965.015137
barcode
	1030.000000	47.000000	104.144730	966.226562
barcode
	1031.000000	45.000000	107.285759	971.036194
barcode
	1031.000000	42.000000	104.012695	973.915161
barcode
	1028.000000	39.000000	105.424995	983.913818
barcode
	1028.000000	51.000000	108.967377	961.441528
barcode
	1033.000000	56.000000	104.389771	948.954285
barcode
	1032.000000	48.000000	106.055008	969.243713
barcode
	1031.000000	46.000000	104.211624	968.826355
barcode
	1031.000000	44.000000	109.189392	974.474487
barcode
	1031.000000	45.000000	104.082726	969.937744
barcode
	1028.000000	38.000000	104.199692	987.528076
barcode
	1028.000000	53.000000	106.479668	958.392456
barcode
	1034.000000	58.000000	102.175919	946.544128
barcode
	1033.000000	52.000000	105.463928	961.359253
barcode
	1031.000000	47.000000	105.424385	968.146912
barcode
	1032.000000	42.000000	107.395523	977.171692
barcode
	1032.000000	44.000000	105.322968	971.670532
barcode
	1028.000000	35.000000	107.669182	991.898499
barcode
	1029.000000	52.000000	108.171608	957.651550
barcode
	1029.000000	37.000000	107.542938	986.074951
barcode
	1034.000000	57.000000	103.773514	947.490479
barcode
	1033.000000	54.000000	106.762833	955.288208
barcode
	1031.000000	48.000000	107.704781	964.609680
barcode
	1032.000000	42.000000	109.370491	976.695435
barcode
	1032.000000	44.000000	104.489182	970.511963
barcode, RR`
	1029.000000	32.000000	106.742134	997.916016
barcode, GG`
	1033.000000	64.000000	99.653984	940.116943
barcode, BB`
	1031.000000	63.000000	96.691483	935.521423
barcode
	1034.000000	69.000000	102.767319	924.356995
barcode
	1033.000000	53.000000	105.453835	958.445129
barcode
	1032.000000	49.000000	105.181679	962.832214
barcode
	1032.000000	44.000000	108.395935	973.403076
barcode
	1032.000000	45.000000	105.569748	968.581299
barcode
	1028.000000	39.000000	106.041779	984.942383
barcode
	1028.000000	56.000000	106.813858	952.642944
barcode
	1035.000000	56.000000	103.152542	947.976624
barcode
	1033.000000	53.000000	105.292053	957.817993
barcode
	1032.000000	51.000000	105.183632	957.972229
barcode
	1032.000000	42.000000	109.754547	979.595947
barcode
	1032.000000	44.000000	106.150314	970.080933
barcode
	1029.000000	34.000000	107.391068	993.599487
barcode
	1028.000000	53.000000	107.970558	959.162170
barcode
	1035.000000	59.000000	100.537392	944.170044
barcode
	1033.000000	56.000000	103.838234	953.479431
barcode
	1032.000000	49.000000	103.363449	963.501465
barcode
	1033.000000	41.000000	107.722610	980.522888
barcode
	1032.000000	45.000000	104.444397	969.890686
barcode
	1030.000000	39.000000	103.853752	984.930908
barcode
	1029.000000	57.000000	105.993889	949.695679
barcode
	1030.000000	40.000000	105.319756	979.385864
barcode
	1035.000000	61.000000	99.347191	939.032959
barcode
	1033.000000	56.000000	104.416725	953.015991
barcode
	1032.000000	50.000000	103.810883	960.779968
barcode
	1033.000000	40.000000	107.930962	983.075989
barcode
	1032.000000	46.000000	101.863197	967.903809
barcode, RR`
	1029.000000	31.000000	101.582817	999.464294
barcode, GG`
	1033.000000	74.000000	94.940048	922.014465
barcode, BB`
	1030.000000	70.000000	96.731590	921.379456
barcode
	1035.000000	68.000000	92.999100	925.455261
barcode
	1034.000000	58.000000	102.062660	951.187561
barcode
	1033.000000	53.000000	102.444336	957.444275
barcode
	1033.000000	40.000000	108.885353	983.715088
barcode
	1032.000000	46.000000	102.569283	967.769836
barcode
	1030.000000	40.000000	104.517944	982.125427
barcode
	1028.000000	57.000000	106.781334	949.679626
barcode
	1036.000000	62.000000	100.487961	938.376831
barcode
	1034.000000	55.000000	105.164246	955.981567
barcode
	1033.000000	50.000000	102.787315	964.545776
barcode
	1033.000000	41.000000	107.377571	981.645508
barcode
	1032.000000	48.000000	103.684853	965.231140
barcode
	1029.000000	38.000000	105.523972	987.875916
barcode
	1028.000000	55.000000	106.845634	955.432983
barcode
	1037.000000	60.000000	98.666809	942.366882
barcode
	1034.000000	57.000000	101.313019	951.357727
barcode
	1032.000000	50.000000	103.408974	963.591614
barcode
	1033.000000	42.000000	107.002541	979.901428
barcode
	1032.000000	48.000000	102.146919	964.916992
barcode
	1029.000000	46.000000	103.364136	971.488220
barcode
	1028.000000	62.000000	103.111504	941.127258
barcode
	1030.000000	42.000000	101.117638	975.949951
barcode
	1035.000000	64.000000	96.661034	935.463806
barcode
	1034.000000	56.000000	103.217323	953.735291
barcode
	1033.000000	54.000000	101.380493	955.314697
barcode
	1032.000000	43.000000	105.420006	975.335999
barcode
	1032.000000	46.000000	101.864784	969.047729
barcode, RR`
	1031.000000	29.000000	99.169861	1003.517822
barcode, GG`
	1034.000000	70.000000	92.682579	928.866211
barcode, BB`
	1028.000000	84.000000	95.596321	893.062988
barcode
	1035.000000	66.000000	90.864616	929.001648
barcode
	1033.000000	56.000000	100.945580	954.066589
barcode
	1033.000000	55.000000	98.559700	954.742493
barcode
	1033.000000	37.000000	110.056686	988.668396
barcode
	1032.000000	49.000000	103.342300	961.493530
barcode
	1029.000000	38.000000	106.126190	984.757812
barcode
	1028.000000	55.000000	102.136734	955.189758
barcode
	1037.000000	63.000000	98.383545	936.209351
barcode
	1033.000000	49.000000	103.058006	966.258545
barcode
	1033.000000	53.000000	101.697403	957.405212
barcode
	1033.000000	42.000000	105.758003	979.221497
barcode
	1032.000000	49.000000	99.598793	961.149963
barcode
	1029.000000	45.000000	103.640251	972.781128
barcode
	1027.000000	58.000000	105.688049	947.544617
barcode
	1036.000000	62.000000	96.828590	938.646118
barcode
	1034.000000	56.000000	100.554962	954.041992
barcode
	1033.000000	52.000000	101.590828	960.817139
barcode
	1032.000000	46.000000	104.820030	971.647217
barcode
	1030.000000	48.000000	104.662048	963.339844
barcode
	1029.000000	45.000000	104.147636	973.546448
barcode
	1028.000000	64.000000	104.000603	937.048096
barcode
	1031.000000	46.000000	101.934616	968.034546
barcode
	1036.000000	64.000000	98.061211	935.220459
barcode
	1034.000000	55.000000	101.551224	954.960693
barcode
	1033.000000	55.000000	101.000809	954.818359
barcode
	1033.000000	45.000000	105.448364	973.694702
barcode
	1032.000000	51.000000	100.027046	958.586975
barcode, RR`
	1029.000000	33.000000	103.147354	996.665344
barcode, GG`
	1033.000000	79.000000	92.502876	909.963379
barcode, BB`
	1030.000000	86.000000	94.576805	887.995911
barcode
	1035.000000	67.000000	89.429314	927.655212
barcode
	1033.000000	56.000000	99.913651	954.986084
barcode
	1032.000000	52.000000	102.980530	960.137085
barcode
	1033.000000	50.000000	101.733139	965.555969
barcode
	1031.000000	51.000000	99.241486	959.081543
barcode
	1029.000000	47.000000	101.392517	969.066895
barcode
	1028.000000	63.000000	101.207321	939.525818
barcode
	1035.000000	61.000000	94.705185	939.963806
barcode
	1033.000000	54.000000	99.087265	958.530945
barcode
	1032.000000	56.000000	100.363541	952.194946
barcode
	1033.000000	51.000000	104.355980	961.229004
barcode
	1032.000000	54.000000	97.443962	952.807556
barcode
	1028.000000	48.000000	105.191780	965.670837
barcode
	1027.000000	61.000000	102.831375	942.426147
barcode
	1035.000000	60.000000	95.060570	942.073486
barcode
	1033.000000	55.000000	98.001213	955.934509
barcode
	1033.000000	55.000000	100.590332	952.786316
barcode
	1034.000000	54.000000	100.794380	953.943726
barcode
	1032.000000	53.000000	98.135330	954.261841
barcode
	1029.000000	49.000000	102.773148	962.697937
barcode
	1027.000000	64.000000	102.973244	935.989868
barcode
	1030.000000	47.000000	102.738922	965.060669
barcode
	1035.000000	62.000000	96.073982	937.392517
barcode
	1034.000000	62.000000	98.831398	941.705505
barcode
	1032.000000	59.000000	102.227440	946.489136
barcode
	1033.000000	55.000000	101.054741	953.596802
barcode
	1032.000000	55.000000	95.450821	950.327820
barcode, RR`
	1029.000000	39.000000	103.587212	985.811157
barcode, GG`
	1032.000000	77.000000	94.656906	911.891907
barcode, BB`
	1032.000000	83.000000	91.618874	892.570129
barcode
	1035.000000	67.000000	86.981422	926.127991
barcode
	1034.000000	57.000000	96.261574	950.356628
barcode
	1032.000000	57.000000	100.675087	950.596436
barcode
	1034.000000	57.000000	97.233521	948.156067
barcode
	1032.000000	55.000000	96.417358	948.988831
barcode
	1030.000000	49.000000	96.834785	962.342957
barcode
	1028.000000	60.000000	99.898987	943.252075
barcode
	1035.000000	60.000000	93.519417	941.290405
barcode
	1034.000000	59.000000	96.077522	945.537781
barcode
	1032.000000	55.000000	100.500801	954.127563
barcode
	1034.000000	57.000000	96.345039	949.041992
barcode
	1032.000000	57.000000	93.469437	946.704529
barcode
	1029.000000	51.000000	97.034775	957.636780
barcode
	1028.000000	61.000000	100.515381	940.314209
barcode
	1035.000000	60.000000	92.455521	940.840271
barcode
	1033.000000	60.000000	95.829636	943.244629
barcode
	1032.000000	57.000000	100.717995	949.133240
barcode
	1033.000000	59.000000	95.776703	943.618347
barcode
	1032.000000	56.000000	95.316093	948.242188
barcode
	1029.000000	48.000000	97.550499	964.050415
barcode
	1028.000000	63.000000	102.808426	937.402893
barcode
	1030.000000	54.000000	99.968422	952.173035
barcode
	1035.000000	62.000000	93.288322	937.913452
barcode
	1034.000000	58.000000	95.004318	947.363831
barcode
	1031.000000	61.000000	101.310059	942.036804
barcode
	1033.000000	59.000000	95.018440	943.864502
barcode
	1031.000000	55.000000	95.791023	949.066162
barcode, RR`
	1029.000000	45.000000	103.273514	972.023132
barcode, GG`
	1031.000000	70.000000	95.087440	924.569702
barcode, BB`
	1033.000000	78.000000	88.454376	899.666565
barcode
	1034.000000	68.000000	84.636208	923.742737
barcode
	1035.000000	64.000000	93.318619	934.223206
barcode
	1031.000000	63.000000	100.908943	935.487854
barcode
	1034.000000	60.000000	96.329597	940.843323
barcode
	1032.000000	59.000000	94.377975	942.354248
barcode
	1029.000000	52.000000	98.791077	954.580322
barcode
	1028.000000	63.000000	100.416183	937.832336
barcode
	1035.000000	64.000000	93.440994	934.735107
barcode
	1034.000000	64.000000	94.918800	934.585510
barcode
	1031.000000	66.000000	102.761063	931.535889
barcode
	1034.000000	61.000000	93.740280	940.664368
barcode
	1031.000000	61.000000	93.368752	938.170715
barcode
	1029.000000	50.000000	98.394669	959.545593
barcode
	1028.000000	60.000000	98.499039	943.929810
barcode
	1034.000000	62.000000	92.038033	938.301575
barcode
	1035.000000	63.000000	93.272758	936.005493
barcode
	1030.000000	58.000000	103.068504	947.574524
barcode
	1033.000000	57.000000	95.668861	948.342163
barcode
	1032.000000	61.000000	92.247223	938.804626
barcode
	1029.000000	54.000000	95.908768	951.935852
barcode
	1027.000000	59.000000	102.048805	946.311096
barcode
	1030.000000	54.000000	98.316193	953.652527
barcode
	1034.000000	59.000000	92.187050	944.581787
barcode
	1034.000000	61.000000	91.839691	939.917236
barcode
	1031.000000	62.000000	100.624626	938.820190
barcode
	1034.000000	63.000000	93.306839	936.772522
barcode
	1031.000000	61.000000	93.101410	938.460693
barcode, RR`
	1029.000000	46.000000	103.925011	969.245605
barcode, GG`
	1030.000000	61.000000	96.901009	940.117615
barcode, BB`
	1034.000000	74.000000	87.240578	909.328796
barcode
	1032.000000	62.000000	86.444832	936.158875
barcode
	1033.000000	58.000000	92.638817	946.516418
barcode
	1031.000000	64.000000	99.587624	935.053162
barcode
	1033.000000	59.000000	92.713562	945.248352
barcode
	1031.000000	62.000000	94.851173	937.138550
barcode
	1029.000000	49.000000	97.274940	960.140137
barcode
	1028.000000	57.000000	98.081474	947.538330
barcode
	1033.000000	62.000000	91.465111	937.833801
barcode
	1033.000000	59.000000	92.306740	944.046814
barcode
	1031.000000	61.000000	100.886116	940.709229
barcode
	1033.000000	58.000000	92.223976	946.067383
barcode
	1031.000000	61.000000	92.259712	938.797668
barcode
	1029.000000	56.000000	95.104866	945.852539
barcode
	1028.000000	59.000000	98.079765	944.368958
barcode
	1033.000000	61.000000	91.389114	939.241089
barcode
	1033.000000	63.000000	91.022415	934.055054
barcode
	1031.000000	61.000000	103.190826	938.781860
barcode
	1033.000000	61.000000	96.059174	940.097412
barcode
	1031.000000	60.000000	93.560349	938.387451
barcode
	1029.000000	53.000000	96.142052	950.349243
barcode
	1028.000000	62.000000	99.716705	938.618835
barcode
	1030.000000	55.000000	98.015381	948.632324
barcode
	1033.000000	64.000000	91.303551	933.765808
barcode
	1032.000000	63.000000	92.861412	935.229553
barcode
	1031.000000	60.000000	100.557976	941.488220
barcode
	1033.000000	61.000000	92.548111	941.130737
barcode
	1031.000000	59.000000	92.626801	941.010559
barcode, RR`
	1029.000000	49.000000	102.863159	961.472534
barcode, GG`
	1029.000000	63.000000	98.366638	933.724182
barcode, BB`
	1034.000000	71.000000	85.696297	913.909058
barcode
	1030.000000	55.000000	85.228210	949.263611
barcode
	1032.000000	59.000000	90.918320	941.167297
barcode
	1032.000000	61.000000	98.863754	938.261536
barcode
	1033.000000	58.000000	92.638260	944.662231
barcode
	1032.000000	61.000000	91.178024	937.484497
barcode
	1029.000000	51.000000	97.209389	954.354553
barcode
	1029.000000	56.000000	96.234138	947.598328
barcode
	1032.000000	64.000000	90.637062	931.279175
barcode
	1033.000000	58.000000	90.699631	942.537842
barcode
	1032.000000	59.000000	97.811676	941.175293
barcode
	1033.000000	58.000000	91.009544	946.552429
barcode
	1032.000000	61.000000	91.164200	936.306091
barcode
	1029.000000	51.000000	94.155975	953.898682
barcode
	1029.000000	54.000000	94.276199	953.464722
barcode
	1032.000000	63.000000	90.494026	934.895264
barcode
	1033.000000	63.000000	89.956688	932.341858
barcode
	1031.000000	62.000000	98.201485	937.665161
barcode
	1033.000000	61.000000	92.644943	940.491638
barcode
	1031.000000	61.000000	90.963326	937.136169
barcode
	1028.000000	50.000000	94.604485	956.386658
barcode
	1028.000000	54.000000	96.282951	952.242981
barcode
	1029.000000	57.000000	97.992386	943.940796
barcode
	1032.000000	65.000000	90.313782	931.766785
barcode
	1032.000000	58.000000	89.657005	942.968079
barcode
	1032.000000	63.000000	95.823013	935.212524
barcode
	1033.000000	59.000000	91.288353	944.849731
barcode
	1031.000000	61.000000	90.680359	935.602356
barcode, RR`
	1030.000000	43.000000	97.464508	971.865479
barcode, GG`
	1028.000000	68.000000	98.856171	921.995178
barcode, BB`
	1035.000000	70.000000	83.473801	915.787109
barcode, B`X
	1028.000000	49.000000	86.364876	959.056519
barcode
	1032.000000	61.000000	88.454529	936.524658
barcode
	1031.000000	58.000000	93.788727	944.493591
barcode
	1033.000000	60.000000	91.459137	942.991577
barcode
	1031.000000	62.000000	91.049644	934.302368
barcode
	1028.000000	56.000000	91.664024	943.724792
barcode
	1029.000000	54.000000	93.491432	950.047058
barcode
	1031.000000	67.000000	89.285751	927.232971
barcode
	1032.000000	63.000000	88.998001	930.399414
barcode
	1032.000000	61.000000	95.232704	937.887024
barcode
	1033.000000	61.000000	92.731300	939.274231
barcode
	1031.000000	63.000000	91.494392	932.948914
barcode
	1029.000000	53.000000	92.533195	950.136169
barcode
	1029.000000	53.000000	94.396248	952.111633
barcode
	1031.000000	69.000000	88.121613	922.700378
barcode
	1031.000000	63.000000	88.202911	930.583008
barcode
	1032.000000	58.000000	93.475227	944.474915
barcode
	1034.000000	59.000000	88.129898	942.362488
barcode
	1030.000000	63.000000	90.443459	932.981018
barcode
	1029.000000	55.000000	90.006248	945.001892
barcode
	1029.000000	53.000000	94.251083	952.081665
barcode
	1029.000000	57.000000	98.125336	944.057678
barcode
	1031.000000	67.000000	89.607162	926.218262
