barcode
	1029.000000	57.000000	92.315323	938.080322
barcode
	1033.000000	57.000000	86.319397	935.512207
barcode
	1031.000000	51.000000	92.390915	952.784851
barcode
	1029.000000	64.000000	93.965988	932.966248
barcode
	1024.000000	57.000000	97.217079	942.612366
barcode
	1025.000000	56.000000	96.446442	945.103882
barcode
	1025.000000	61.000000	96.090271	934.406189
barcode
	1031.000000	51.000000	89.568375	953.783081
barcode, RR`
	1034.000000	56.000000	93.376625	949.164307
barcode, GG`
	1028.000000	57.000000	95.085121	946.769348
barcode, BB`
	1031.000000	72.000000	89.076981	913.194702
barcode
	1028.000000	63.000000	94.761742	932.277832
barcode
	1025.000000	58.000000	95.952080	940.415527
barcode
	1025.000000	60.000000	96.923492	937.431274
barcode
	1025.000000	62.000000	96.803032	933.954956
barcode
	1029.000000	49.000000	90.693840	954.415955
barcode
	1029.000000	55.000000	92.979813	940.874512
barcode
	1033.000000	63.000000	87.928619	929.381226
barcode
	1030.000000	64.000000	93.342979	932.667542
barcode
	1025.000000	57.000000	95.529274	942.978516
barcode
	1025.000000	59.000000	96.610504	940.812500
barcode
	1024.000000	61.000000	98.050316	936.020874
barcode
	1028.000000	50.000000	92.324631	952.452759
barcode
	1029.000000	58.000000	93.675735	935.376831
barcode
	1033.000000	67.000000	88.539566	920.858459
barcode
	1030.000000	65.000000	93.902649	929.865845
barcode
	1025.000000	55.000000	97.365479	946.479370
barcode
	1025.000000	57.000000	97.563446	945.815552
barcode
	1024.000000	61.000000	97.318382	935.827820
barcode
	1027.000000	57.000000	93.396667	939.677185
barcode
	1028.000000	55.000000	94.779678	943.108704
barcode
	1033.000000	58.000000	88.378998	934.429565
barcode
	1031.000000	51.000000	91.627174	955.545654
barcode
	1028.000000	68.000000	95.171944	926.549500
barcode
	1025.000000	50.000000	97.259468	957.015564
barcode
	1024.000000	60.000000	98.254974	939.184387
barcode
	1025.000000	59.000000	97.895851	942.138733
barcode
	1028.000000	57.000000	91.901085	942.798767
barcode, RR`
	1033.000000	65.000000	94.390846	932.407776
barcode, GG`
	1026.000000	62.000000	97.753563	937.992676
barcode, BB`
	1031.000000	78.000000	90.766045	907.198730
barcode
	1027.000000	59.000000	97.819740	941.548401
barcode
	1023.000000	49.000000	98.182930	960.937134
barcode
	1025.000000	54.000000	96.739319	950.985291
barcode
	1024.000000	59.000000	98.675484	939.801147
barcode
	1027.000000	58.000000	92.459274	939.870972
barcode
	1030.000000	54.000000	92.001305	946.388733
barcode
	1033.000000	62.000000	88.825539	933.383423
barcode
	1029.000000	69.000000	95.275864	924.882507
barcode
	1025.000000	51.000000	98.150505	955.918884
barcode
	1025.000000	57.000000	96.378281	946.315857
barcode
	1024.000000	57.000000	97.230011	943.173828
barcode
	1026.000000	55.000000	94.772591	945.438843
barcode
	1030.000000	52.000000	92.489441	948.685852
barcode
	1034.000000	61.000000	89.940353	935.043823
barcode
	1029.000000	69.000000	94.587433	924.288879
barcode
	1024.000000	48.000000	98.850433	961.354858
barcode
	1025.000000	55.000000	97.628525	949.049622
barcode
	1024.000000	56.000000	99.689545	947.140747
barcode
	1027.000000	54.000000	94.642365	947.604004
barcode
	1031.000000	55.000000	90.773537	944.049255
barcode
	1034.000000	56.000000	89.260712	940.141235
barcode
	1032.000000	54.000000	91.832115	951.467651
barcode
	1029.000000	69.000000	94.521194	924.078430
barcode
	1025.000000	49.000000	98.672043	959.666870
barcode
	1024.000000	53.000000	98.280663	952.721069
barcode
	1024.000000	55.000000	99.357506	948.556274
barcode
	1027.000000	54.000000	95.209084	949.180908
barcode, RR`
	1033.000000	66.000000	96.570473	929.192688
barcode, GG`
	1025.000000	60.000000	99.304749	940.889343
barcode, BB`
	1031.000000	71.000000	92.117943	919.186096
barcode
	1027.000000	61.000000	100.047638	938.848389
barcode
	1025.000000	49.000000	98.986526	959.175781
barcode
	1025.000000	54.000000	99.596497	950.598083
barcode
	1024.000000	55.000000	100.160027	948.908630
barcode
	1026.000000	59.000000	97.255791	936.532593
barcode
	1030.000000	55.000000	91.587738	943.690247
barcode
	1035.000000	61.000000	88.218674	934.260071
barcode
	1028.000000	68.000000	96.809357	927.452637
barcode
	1025.000000	51.000000	98.900253	956.331848
barcode
	1025.000000	54.000000	98.580299	949.710510
barcode
	1024.000000	53.000000	100.544044	950.431885
barcode
	1026.000000	55.000000	97.345528	945.902832
barcode
	1031.000000	56.000000	90.998466	942.555359
barcode
	1034.000000	62.000000	89.973503	933.404419
barcode
	1028.000000	68.000000	97.472008	926.147278
barcode
	1026.000000	52.000000	99.710228	954.468872
barcode
	1025.000000	55.000000	98.240662	948.880676
barcode
	1023.000000	54.000000	101.391815	948.483948
barcode
	1026.000000	57.000000	98.150330	942.548279
barcode
	1030.000000	54.000000	92.419914	946.202698
barcode
	1034.000000	55.000000	89.804382	941.980530
barcode
	1030.000000	50.000000	96.026047	959.392395
barcode
	1028.000000	64.000000	98.880104	935.407471
barcode
	1026.000000	51.000000	101.413780	956.497437
barcode
	1025.000000	52.000000	99.584572	954.024658
barcode
	1024.000000	51.000000	101.738358	957.116943
barcode
	1025.000000	55.000000	99.402794	947.881470
barcode, RR`
	1032.000000	63.000000	99.778084	933.958069
barcode, GG`
	1025.000000	59.000000	98.167862	943.183350
barcode, BB`
	1032.000000	64.000000	93.729233	931.085571
barcode
	1027.000000	56.000000	103.371826	949.799866
barcode
	1026.000000	50.000000	99.001190	958.836182
barcode
	1025.000000	52.000000	99.068848	954.445129
barcode
	1024.000000	51.000000	101.234856	956.194031
barcode
	1026.000000	55.000000	99.994759	945.368591
barcode
	1030.000000	51.000000	93.749718	952.786438
barcode
	1034.000000	59.000000	90.024719	939.624878
barcode
	1028.000000	64.000000	101.084618	933.185486
barcode
	1027.000000	54.000000	101.496277	949.682434
barcode
	1025.000000	52.000000	100.937767	955.567871
barcode
	1024.000000	49.000000	101.900826	961.196960
barcode
	1026.000000	52.000000	100.154282	952.742126
barcode
	1030.000000	54.000000	92.614532	948.198059
barcode
	1034.000000	59.000000	90.003395	940.245361
barcode
	1027.000000	63.000000	99.952408	935.215698
barcode
	1027.000000	53.000000	101.223579	953.447815
barcode
	1025.000000	51.000000	99.653198	956.483459
barcode
	1024.000000	52.000000	102.701057	954.277771
barcode
	1026.000000	52.000000	99.432129	953.379822
barcode
	1031.000000	56.000000	92.307434	943.446045
barcode
	1035.000000	60.000000	88.817001	933.725403
barcode
	1031.000000	45.000000	94.879097	969.905762
barcode
	1028.000000	64.000000	101.329857	933.598328
barcode
	1027.000000	55.000000	101.122391	950.115906
barcode
	1025.000000	48.000000	100.618431	962.567505
barcode
	1024.000000	50.000000	102.421707	958.978638
barcode
	1026.000000	55.000000	100.279205	949.898315
barcode, RR`
	1031.000000	57.000000	100.742180	946.414795
barcode, GG`
	1023.000000	66.000000	102.525215	928.503662
barcode, BB`
	1032.000000	63.000000	96.118156	934.237549
barcode
	1027.000000	54.000000	105.698654	953.292969
barcode
	1028.000000	51.000000	100.832542	957.048401
barcode
	1025.000000	47.000000	102.928482	964.132263
barcode
	1024.000000	48.000000	102.235214	962.200928
barcode
	1026.000000	53.000000	101.276634	950.108337
barcode
	1031.000000	54.000000	93.434433	948.275024
barcode
	1035.000000	62.000000	89.032646	934.744873
barcode
	1028.000000	61.000000	103.952881	937.830322
barcode
	1028.000000	54.000000	101.468742	950.720459
barcode
	1025.000000	49.000000	101.806580	960.938721
barcode
	1024.000000	48.000000	103.342331	963.619629
barcode
	1027.000000	51.000000	100.252258	954.916443
barcode
	1030.000000	59.000000	94.033318	940.430115
barcode
	1035.000000	65.000000	89.103683	930.223083
barcode
	1029.000000	58.000000	102.311539	945.674011
barcode
	1029.000000	53.000000	101.246880	953.615967
barcode
	1025.000000	47.000000	102.634811	963.066345
barcode
	1024.000000	50.000000	102.315849	958.195190
barcode
	1026.000000	54.000000	101.888283	949.553711
barcode
	1030.000000	57.000000	94.966896	943.147949
barcode
	1035.000000	64.000000	89.353569	928.349609
barcode
	1030.000000	46.000000	97.928612	967.942200
barcode
	1028.000000	64.000000	103.403885	933.244934
barcode
	1028.000000	53.000000	102.328339	952.985657
barcode
	1024.000000	50.000000	103.083542	957.235046
barcode
	1024.000000	49.000000	104.531227	961.559875
barcode
	1027.000000	53.000000	101.231796	952.836853
barcode, RR`
	1030.000000	61.000000	103.368622	938.197021
barcode, GG`
	1025.000000	68.000000	101.512314	925.492676
barcode, BB`
	1032.000000	66.000000	98.693222	928.539001
barcode
	1027.000000	61.000000	107.028557	939.139099
barcode
	1029.000000	52.000000	101.911171	954.313599
barcode
	1025.000000	48.000000	102.337685	961.584412
barcode
	1024.000000	51.000000	104.488152	958.021057
barcode
	1027.000000	53.000000	102.204689	950.676025
barcode
	1030.000000	55.000000	95.968124	946.309082
barcode
	1035.000000	60.000000	90.180939	939.256775
barcode
	1028.000000	62.000000	103.942215	938.231262
barcode
	1029.000000	53.000000	102.919212	954.450073
barcode
	1024.000000	46.000000	103.438812	966.666687
barcode
	1024.000000	51.000000	104.265617	958.037170
barcode
	1027.000000	53.000000	101.795082	950.628296
barcode
	1029.000000	54.000000	96.364822	950.192322
barcode
	1035.000000	57.000000	89.527420	945.148071
barcode
	1029.000000	60.000000	103.830246	941.715759
barcode
	1029.000000	50.000000	101.585831	959.059143
barcode
	1024.000000	46.000000	103.176926	965.889099
barcode
	1024.000000	52.000000	104.445641	955.124390
barcode
	1028.000000	52.000000	102.993202	952.881531
barcode
	1030.000000	56.000000	97.122002	945.220215
barcode
	1034.000000	56.000000	91.360680	944.924500
barcode
	1030.000000	42.000000	99.193497	976.363464
barcode
	1029.000000	58.000000	104.908905	944.520813
barcode
	1030.000000	53.000000	103.211388	954.244751
barcode
	1024.000000	46.000000	103.812683	965.867676
barcode
	1024.000000	50.000000	104.790840	959.822449
barcode
	1028.000000	50.000000	102.546906	959.434204
barcode, RR`
	1030.000000	59.000000	102.798157	943.334351
barcode, GG`
	1026.000000	68.000000	99.135811	926.194641
barcode, BB`
	1031.000000	67.000000	101.410049	926.131104
barcode
	1028.000000	58.000000	107.483162	945.110596
barcode
	1030.000000	54.000000	103.410866	951.565735
barcode
	1025.000000	44.000000	102.162270	969.814697
barcode
	1024.000000	49.000000	104.534683	962.522156
barcode
	1028.000000	55.000000	103.790985	948.059326
barcode
	1029.000000	54.000000	97.658928	950.487183
barcode
	1033.000000	56.000000	91.992676	947.631470
barcode
	1030.000000	61.000000	105.328735	939.804382
barcode
	1030.000000	53.000000	102.184723	954.224182
barcode
	1024.000000	47.000000	103.920876	966.302551
barcode
	1025.000000	50.000000	104.298477	963.073242
barcode
	1028.000000	49.000000	103.436226	960.507629
barcode
	1029.000000	51.000000	99.593346	954.914062
barcode
	1033.000000	56.000000	92.904442	948.455078
barcode
	1030.000000	59.000000	105.885658	942.245972
barcode
	1030.000000	53.000000	104.459122	956.267761
barcode
	1025.000000	44.000000	104.335159	971.891724
barcode
	1027.000000	48.000000	103.468788	964.184021
barcode
	1029.000000	49.000000	103.612404	960.290466
barcode
	1029.000000	50.000000	99.547180	956.924377
barcode
	1033.000000	52.000000	93.444672	954.086914
barcode
	1030.000000	42.000000	101.064423	976.670959
barcode
	1030.000000	57.000000	105.269165	945.304749
barcode
	1031.000000	50.000000	104.056610	960.610596
barcode
	1026.000000	45.000000	103.700630	967.609497
barcode
	1026.000000	50.000000	104.391579	962.146667
barcode
	1029.000000	49.000000	103.344910	962.356628
barcode, RR`
	1030.000000	61.000000	104.363014	939.392151
barcode, GG`
	1029.000000	70.000000	100.994873	922.508545
barcode, BB`
	1032.000000	72.000000	101.185272	915.444092
barcode
	1029.000000	59.000000	108.969109	943.521118
barcode
	1032.000000	51.000000	102.946411	959.465210
barcode
	1026.000000	45.000000	103.703514	968.561707
barcode
	1027.000000	46.000000	103.980072	970.298218
barcode
	1030.000000	50.000000	102.809204	959.509155
barcode
	1028.000000	47.000000	103.028175	964.504578
barcode
	1033.000000	52.000000	95.606186	956.748413
barcode
	1030.000000	57.000000	105.270020	945.832214
barcode
	1032.000000	50.000000	103.735329	962.801453
barcode
	1027.000000	45.000000	103.651772	969.490112
barcode
	1027.000000	47.000000	104.287735	967.184448
barcode
	1029.000000	48.000000	103.439781	964.156860
barcode
	1028.000000	46.000000	103.145416	967.720581
barcode
	1032.000000	54.000000	96.350784	953.674561
barcode
	1031.000000	59.000000	105.077194	943.655518
barcode
	1032.000000	52.000000	104.007088	959.625671
barcode
	1027.000000	47.000000	103.094917	965.510742
barcode
	1028.000000	46.000000	105.242210	968.806519
barcode
	1030.000000	45.000000	103.723000	967.654480
barcode
	1028.000000	45.000000	103.394234	968.320312
barcode
	1032.000000	46.000000	98.653053	966.515808
barcode
	1029.000000	38.000000	103.706116	985.515076
barcode
	1030.000000	57.000000	106.091103	946.204712
barcode
	1032.000000	51.000000	104.359047	961.307983
barcode
	1027.000000	43.000000	104.160309	972.901794
barcode
	1028.000000	47.000000	105.314423	966.848572
barcode
	1030.000000	47.000000	104.086365	965.091614
barcode, RR`
	1029.000000	49.000000	106.316902	964.190735
barcode, GG`
	1029.000000	65.000000	102.626595	932.736145
barcode, BB`
	1033.000000	75.000000	102.086311	911.574707
barcode
	1031.000000	58.000000	106.299156	945.892944
barcode
	1033.000000	50.000000	103.083588	962.409546
barcode
	1028.000000	44.000000	103.042465	972.396240
barcode
	1028.000000	47.000000	106.353653	966.148621
barcode
	1030.000000	42.000000	105.015823	973.550354
barcode
	1028.000000	43.000000	104.432457	973.756165
barcode
	1031.000000	51.000000	99.490013	958.808777
barcode
	1031.000000	54.000000	104.545876	951.858093
barcode
	1032.000000	50.000000	102.776520	964.425720
barcode
	1028.000000	47.000000	102.452026	964.857544
barcode
	1029.000000	49.000000	104.775436	963.306213
barcode
	1030.000000	45.000000	103.496399	967.983154
barcode
	1028.000000	42.000000	104.137596	976.763489
barcode
	1031.000000	52.000000	99.938835	958.163452
barcode
	1031.000000	57.000000	105.243408	946.214539
barcode
	1032.000000	54.000000	102.931847	956.875061
barcode
	1028.000000	49.000000	102.345848	961.663391
barcode
	1029.000000	49.000000	108.147346	960.229126
barcode
	1030.000000	45.000000	105.355705	967.375793
barcode
	1027.000000	38.000000	107.996429	984.528931
barcode
	1030.000000	50.000000	104.029831	958.704407
barcode
	1029.000000	40.000000	103.984818	979.876160
barcode
	1032.000000	60.000000	105.137634	940.693054
barcode
	1032.000000	51.000000	105.302521	961.437500
barcode
	1029.000000	47.000000	102.895660	964.732117
barcode
	1029.000000	48.000000	107.070259	963.840088
barcode
	1030.000000	49.000000	103.808067	961.353699
barcode, RR`
	1029.000000	44.000000	105.927849	972.868225
barcode, GG`
	1029.000000	69.000000	103.270073	927.125854
barcode, BB`
	1032.000000	76.000000	102.081657	910.494690
barcode
	1032.000000	65.000000	105.408592	932.220276
barcode
	1032.000000	51.000000	104.998421	961.255981
barcode
	1028.000000	46.000000	104.580544	966.099976
barcode
	1030.000000	46.000000	106.910812	966.082947
barcode
	1030.000000	46.000000	104.632576	967.603882
barcode
	1027.000000	40.000000	106.109497	981.975647
barcode
	1030.000000	53.000000	105.279724	956.356873
barcode
	1032.000000	56.000000	106.161339	948.019958
barcode
	1033.000000	52.000000	103.847069	960.109375
barcode
	1029.000000	45.000000	102.336411	967.855469
barcode
	1030.000000	46.000000	108.285576	966.348755
barcode
	1031.000000	44.000000	105.933876	968.998291
barcode
	1028.000000	41.000000	105.423691	978.670593
barcode
	1030.000000	53.000000	104.606636	954.990601
barcode
	1033.000000	57.000000	102.960083	947.100586
barcode
	1033.000000	53.000000	103.179451	958.871094
barcode
	1030.000000	47.000000	102.136696	966.687988
barcode
	1030.000000	44.000000	107.817535	970.742126
barcode
	1031.000000	45.000000	102.517395	968.184204
barcode
	1028.000000	39.000000	104.816734	982.825439
barcode
	1030.000000	51.000000	105.686157	958.204468
barcode
	1029.000000	37.000000	104.531197	985.491455
barcode
	1033.000000	58.000000	102.235565	944.962219
barcode
	1032.000000	52.000000	104.187622	959.851562
barcode
	1030.000000	45.000000	103.036972	968.418640
barcode
	1031.000000	46.000000	106.745659	967.841919
barcode
	1031.000000	45.000000	104.757439	968.338989
barcode, RR`
	1029.000000	34.000000	105.694733	992.508240
barcode, GG`
	1031.000000	66.000000	101.037498	935.638184
barcode, BB`
	1030.000000	73.000000	99.155792	916.610352
barcode
	1033.000000	69.000000	99.064346	923.494507
barcode
	1032.000000	54.000000	105.739334	955.924683
barcode
	1030.000000	48.000000	103.551682	963.026733
barcode
	1031.000000	46.000000	109.140289	968.918457
barcode
	1031.000000	44.000000	106.483444	969.965332
barcode
	1028.000000	36.000000	107.458290	989.531860
barcode
	1029.000000	51.000000	105.717110	961.270081
barcode
	1033.000000	56.000000	103.887474	949.488159
barcode
	1033.000000	49.000000	105.341217	967.204224
barcode
	1030.000000	48.000000	103.409431	964.624207
barcode
	1031.000000	48.000000	108.472305	965.839844
barcode
	1031.000000	45.000000	106.257095	968.235840
barcode
	1028.000000	37.000000	106.551033	987.115967
barcode
	1028.000000	54.000000	107.562996	955.308472
barcode
	1033.000000	55.000000	104.585442	949.682312
barcode
	1032.000000	52.000000	105.476028	960.118774
barcode
	1030.000000	51.000000	105.051491	957.877686
barcode
	1032.000000	43.000000	105.793182	974.876831
barcode
	1032.000000	45.000000	104.141602	968.872925
barcode
	1028.000000	40.000000	104.844292	980.742981
barcode
	1028.000000	51.000000	108.817291	960.608521
barcode
	1029.000000	37.000000	107.402618	985.967102
barcode
	1034.000000	57.000000	102.973442	946.683655
barcode
	1033.000000	53.000000	104.021507	959.932068
barcode
	1031.000000	49.000000	103.560532	962.870422
barcode
	1031.000000	44.000000	108.319641	973.754150
barcode
	1032.000000	46.000000	105.290764	966.575500
barcode, RR`
	1028.000000	34.000000	105.761826	993.937927
barcode, GG`
	1031.000000	67.000000	99.494102	935.332214
barcode, BB`
	1030.000000	66.000000	95.706299	929.238037
barcode
	1033.000000	70.000000	97.854599	923.170227
barcode
	1032.000000	51.000000	106.090912	963.144104
barcode
	1031.000000	48.000000	103.494347	965.038513
barcode
	1032.000000	38.000000	107.395248	986.786743
barcode
	1032.000000	45.000000	105.082428	968.141968
barcode
	1029.000000	37.000000	105.019653	988.228516
barcode
	1028.000000	54.000000	107.308418	955.676758
barcode
	1035.000000	55.000000	102.047935	951.462708
barcode
	1033.000000	51.000000	105.651001	963.254211
barcode
	1032.000000	49.000000	102.956024	962.722046
barcode
	1033.000000	40.000000	106.768364	980.387085
barcode
	1031.000000	45.000000	105.003395	968.465088
barcode
	1029.000000	38.000000	105.931343	986.970947
barcode
	1028.000000	51.000000	108.800743	962.976807
barcode
	1036.000000	55.000000	102.198563	950.813416
barcode
	1034.000000	56.000000	105.196899	954.344177
barcode
	1032.000000	53.000000	103.897247	956.081970
barcode
	1033.000000	40.000000	105.165314	982.116882
barcode
	1032.000000	44.000000	104.126968	971.361633
barcode
	1029.000000	39.000000	105.405205	983.707336
