barcode
	1033.000000	53.000000	102.255920	957.939148
barcode
	1032.000000	55.000000	98.551384	952.262207
barcode, RR`
	1030.000000	38.000000	102.145767	986.609680
barcode, GG`
	1033.000000	63.000000	92.452736	940.331604
barcode, BB`
	1031.000000	86.000000	91.415985	886.832275
barcode
	1035.000000	69.000000	85.486565	924.188049
barcode
	1034.000000	59.000000	95.941124	947.132019
barcode
	1032.000000	59.000000	98.978951	945.243530
barcode
	1033.000000	53.000000	98.532494	957.446838
barcode
	1032.000000	57.000000	97.256424	948.511108
barcode
	1029.000000	47.000000	101.679359	966.412598
barcode
	1028.000000	61.000000	100.305214	941.838013
barcode
	1035.000000	62.000000	93.861290	940.217468
barcode
	1034.000000	62.000000	96.589958	939.549194
barcode
	1032.000000	59.000000	101.672272	944.812622
barcode
	1033.000000	54.000000	105.016273	954.126831
barcode
	1032.000000	54.000000	96.530289	951.467163
barcode
	1029.000000	50.000000	98.547997	960.499146
barcode
	1028.000000	58.000000	98.859718	946.451477
barcode
	1035.000000	57.000000	92.763184	947.361389
barcode
	1035.000000	63.000000	94.180481	938.362427
barcode
	1032.000000	59.000000	97.581299	947.280884
barcode
	1033.000000	54.000000	99.347198	954.641602
barcode
	1032.000000	58.000000	96.184044	943.931335
barcode
	1029.000000	52.000000	97.760506	955.547729
barcode
	1029.000000	62.000000	98.818848	939.970642
barcode
	1031.000000	53.000000	98.757553	954.992188
barcode
	1035.000000	54.000000	92.986229	955.296448
barcode
	1035.000000	64.000000	94.234245	936.626587
barcode
	1032.000000	64.000000	98.282379	936.844299
barcode
	1033.000000	59.000000	97.529663	944.545837
barcode
	1031.000000	57.000000	96.718163	945.145325
barcode, RR`
	1030.000000	45.000000	100.976768	970.985840
barcode, GG`
	1031.000000	62.000000	94.466965	941.238647
barcode, BB`
	1033.000000	81.000000	88.250969	895.887634
barcode
	1035.000000	65.000000	82.387733	933.055786
barcode
	1034.000000	62.000000	90.837669	940.060608
barcode
	1032.000000	61.000000	97.546707	941.761658
barcode
	1034.000000	58.000000	93.259209	947.060242
barcode
	1031.000000	59.000000	96.082169	942.972229
barcode
	1029.000000	50.000000	99.966469	958.470459
barcode
	1028.000000	62.000000	99.581032	937.226501
barcode
	1034.000000	57.000000	90.896858	949.169128
barcode
	1034.000000	63.000000	92.485176	937.388550
barcode
	1032.000000	62.000000	97.588646	938.960632
barcode
	1034.000000	59.000000	96.175293	943.821838
barcode
	1032.000000	60.000000	93.965843	940.494690
barcode
	1030.000000	52.000000	97.066254	954.152466
barcode
	1028.000000	61.000000	97.281586	940.240295
barcode
	1032.000000	66.000000	98.117058	932.530396
barcode
	1033.000000	63.000000	93.779060	935.885193
barcode
	1032.000000	63.000000	93.143753	934.577759
barcode
	1029.000000	53.000000	95.055191	951.910522
barcode
	1029.000000	59.000000	95.565865	943.466736
barcode
	1031.000000	57.000000	95.853386	945.748901
barcode
	1034.000000	58.000000	89.363029	946.919373
barcode
	1033.000000	61.000000	90.730370	941.594971
barcode
	1032.000000	64.000000	97.183426	935.102173
barcode
	1033.000000	59.000000	95.571266	944.749329
barcode
	1031.000000	62.000000	95.312836	935.867004
barcode, RR`
	1029.000000	48.000000	101.006599	964.220764
barcode, GG`
	1030.000000	54.000000	96.272163	954.843079
barcode, BB`
	1034.000000	72.000000	85.506699	914.073669
barcode
	1033.000000	61.000000	82.800194	939.486206
barcode
	1034.000000	60.000000	90.166046	942.912964
barcode
	1033.000000	62.000000	97.885376	938.600159
barcode
	1033.000000	59.000000	95.450958	943.498108
barcode
	1031.000000	62.000000	92.984367	935.281494
barcode
	1030.000000	53.000000	96.211761	952.688538
barcode
	1028.000000	60.000000	95.004379	941.918091
barcode
	1034.000000	59.000000	90.312363	945.542542
barcode
	1034.000000	59.000000	89.959709	943.529541
barcode
	1033.000000	61.000000	92.893120	941.967407
barcode
	1034.000000	60.000000	92.022194	942.296875
barcode
	1032.000000	64.000000	90.899490	931.595032
barcode
	1029.000000	57.000000	94.894234	945.011658
barcode
	1029.000000	60.000000	94.137474	941.825439
barcode
	1033.000000	58.000000	88.985573	945.921570
barcode
	1034.000000	61.000000	90.167084	941.059265
barcode
	1033.000000	64.000000	94.001572	935.609863
barcode
	1033.000000	61.000000	94.481628	941.408752
barcode
	1032.000000	62.000000	94.414047	937.008301
barcode
	1029.000000	58.000000	93.951218	942.459167
barcode
	1029.000000	61.000000	93.255615	939.687988
barcode
	1031.000000	61.000000	96.927094	938.119507
barcode
	1034.000000	61.000000	88.066460	939.194397
barcode
	1034.000000	60.000000	88.828133	940.917114
barcode
	1033.000000	61.000000	93.462273	939.809143
barcode
	1033.000000	59.000000	96.004570	943.826172
barcode
	1032.000000	62.000000	93.584755	936.823914
barcode, RR`
	1030.000000	46.000000	100.498924	968.748779
barcode, GG`
	1030.000000	48.000000	97.124924	966.047607
barcode, BB`
	1035.000000	75.000000	84.061729	907.550903
barcode
	1033.000000	39.000000	80.300278	983.974670
barcode
	1033.000000	66.000000	90.529755	928.954407
barcode
	1033.000000	63.000000	97.409103	935.549866
barcode
	1033.000000	58.000000	95.605942	946.012939
barcode
	1031.000000	62.000000	92.568443	936.018494
barcode
	1029.000000	54.000000	95.531044	949.619751
barcode
	1028.000000	56.000000	96.896034	949.175354
barcode
	1033.000000	62.000000	89.297096	938.272827
barcode
	1033.000000	61.000000	90.007507	939.178162
barcode
	1032.000000	61.000000	92.724831	939.597046
barcode
	1033.000000	61.000000	92.840775	939.690247
barcode
	1032.000000	62.000000	90.618309	935.564758
barcode
	1029.000000	55.000000	93.119987	947.039612
barcode
	1029.000000	57.000000	94.639732	947.010315
barcode
	1033.000000	60.000000	88.389969	942.372253
barcode
	1032.000000	62.000000	89.541962	936.710571
barcode
	1033.000000	61.000000	92.773247	939.184753
barcode
	1033.000000	62.000000	92.501511	936.968567
barcode
	1031.000000	64.000000	92.221245	932.321838
barcode
	1029.000000	56.000000	93.036507	946.026001
barcode
	1029.000000	59.000000	93.865204	944.430603
barcode
	1030.000000	57.000000	96.695290	945.358215
barcode
	1032.000000	61.000000	88.360733	939.862610
barcode
	1033.000000	61.000000	89.498154	938.901184
barcode
	1033.000000	61.000000	91.876083	940.416992
barcode
	1033.000000	62.000000	91.042496	937.307495
barcode
	1032.000000	63.000000	91.751114	933.026978
barcode, RR`
	1031.000000	44.000000	95.478912	971.019775
barcode, GG`
	1028.000000	55.000000	96.819862	949.072510
barcode, BB`
	1036.000000	76.000000	80.062897	906.664856
barcode
	1031.000000	30.000000	81.037727	1000.886169
barcode
	1033.000000	60.000000	88.667641	938.812805
barcode
	1032.000000	60.000000	90.469231	940.407349
barcode
	1033.000000	62.000000	90.745636	937.439575
barcode
	1032.000000	63.000000	90.060715	932.793213
barcode
	1029.000000	63.000000	90.844749	930.944702
barcode
	1029.000000	57.000000	91.446198	945.464172
barcode
	1032.000000	64.000000	86.372063	933.055481
barcode
	1032.000000	61.000000	87.503014	936.587524
barcode
	1032.000000	59.000000	90.140770	941.404724
barcode
	1033.000000	63.000000	93.058823	935.749756
barcode
	1031.000000	65.000000	91.062042	928.719482
barcode
	1028.000000	57.000000	91.945923	940.501099
barcode
	1029.000000	58.000000	91.999718	943.604309
barcode
	1032.000000	67.000000	87.295685	928.075195
barcode
	1032.000000	60.000000	89.044785	938.904907
barcode
	1032.000000	59.000000	91.744087	940.465881
barcode
	1033.000000	59.000000	91.790787	941.491821
barcode
	1031.000000	65.000000	89.681335	929.682434
barcode
	1029.000000	58.000000	90.942650	941.165955
barcode
	1029.000000	58.000000	90.266052	943.121216
barcode
	1030.000000	63.000000	94.165405	933.049805
barcode
	1031.000000	67.000000	86.306351	928.654297
barcode
	1031.000000	60.000000	87.912819	937.309143
barcode
	1032.000000	58.000000	88.829697	943.736511
barcode
	1033.000000	61.000000	92.106468	938.275879
barcode
	1032.000000	63.000000	89.377373	932.881836
barcode, RR`
	1032.000000	38.000000	92.875015	982.882996
barcode
	1027.000000	57.000000	96.383133	943.667297
barcode, BB`
	1036.000000	72.000000	76.468002	914.006897
barcode, B`X
	1029.000000	36.000000	80.912125	985.144836
barcode
	1031.000000	62.000000	87.784431	933.222412
barcode
	1032.000000	60.000000	89.484352	939.837585
barcode
	1033.000000	63.000000	90.888229	934.480835
barcode
	1032.000000	66.000000	88.817238	928.455505
barcode
	1029.000000	58.000000	90.227371	938.365173
barcode
	1029.000000	57.000000	90.735474	945.457153
barcode
	1030.000000	68.000000	86.837936	925.323975
barcode
	1032.000000	60.000000	88.004120	936.295715
barcode
	1032.000000	60.000000	90.492439	938.582581
barcode
	1032.000000	59.000000	91.428825	944.154053
barcode
	1032.000000	65.000000	90.847031	928.365417
barcode
	1028.000000	60.000000	89.881660	935.709534
barcode
	1029.000000	58.000000	90.537758	942.786316
barcode
	1030.000000	73.000000	86.418854	915.958862
barcode
	1031.000000	62.000000	87.810417	932.997559
barcode
	1032.000000	60.000000	88.461494	939.973694
barcode
	1033.000000	63.000000	88.825684	934.621094
barcode
	1032.000000	64.000000	89.841049	931.509399
barcode
	1029.000000	57.000000	88.807083	942.097290
barcode
	1030.000000	54.000000	88.544670	951.212891
barcode
	1030.000000	64.000000	93.409256	931.067505
barcode
	1031.000000	67.000000	86.322746	927.452148
barcode
	1031.000000	63.000000	87.895462	931.655457
barcode
	1031.000000	59.000000	87.310364	942.186462
barcode
	1032.000000	59.000000	91.773926	942.158264
barcode
	1031.000000	64.000000	90.952271	929.823120
barcode, X`R
	1034.000000	32.000000	87.873398	993.902649
barcode, R`G
	1024.000000	61.000000	98.492950	934.789368
barcode, BB`
	1036.000000	81.000000	74.734566	896.429443
barcode, B`X
	1028.000000	58.000000	81.687180	939.805298
barcode
	1030.000000	57.000000	87.859840	943.190552
barcode
	1030.000000	57.000000	88.108643	945.110474
barcode
	1031.000000	59.000000	92.094673	940.495117
barcode
	1031.000000	64.000000	89.366623	928.689758
barcode
	1029.000000	60.000000	86.790382	935.981323
barcode
	1030.000000	56.000000	89.969078	946.351257
barcode
	1029.000000	71.000000	87.837387	919.754883
barcode
	1030.000000	62.000000	88.238457	932.233154
barcode
	1030.000000	57.000000	87.961311	944.249268
barcode
	1032.000000	60.000000	91.434425	939.501770
barcode
	1031.000000	62.000000	89.005508	932.864380
barcode
	1029.000000	57.000000	87.867905	942.004700
barcode
	1029.000000	58.000000	90.446594	941.467041
barcode
	1029.000000	65.000000	87.818878	930.084717
barcode
	1030.000000	59.000000	88.359543	938.078247
barcode
	1031.000000	58.000000	88.637260	942.280518
barcode
	1032.000000	60.000000	92.590088	938.309998
barcode
	1031.000000	65.000000	89.619820	928.324463
barcode
	1028.000000	55.000000	88.210770	944.528015
barcode
	1029.000000	58.000000	90.298019	939.755493
barcode
	1029.000000	62.000000	92.654602	933.707336
barcode
	1028.000000	65.000000	86.979965	931.516602
barcode
	1030.000000	60.000000	88.031166	935.719971
barcode
	1031.000000	57.000000	86.953972	945.591431
barcode
	1032.000000	60.000000	90.499084	938.479492
barcode
	1031.000000	63.000000	89.163452	932.091614
barcode, X`R
	1034.000000	27.000000	86.313004	1002.089294
barcode, R`G
	1025.000000	67.000000	95.648010	923.761047
barcode, G`B
	1033.000000	67.000000	74.985741	925.983154
barcode, B`X
	1028.000000	56.000000	80.379478	942.484680
barcode
	1030.000000	58.000000	85.802216	940.717712
barcode
	1031.000000	59.000000	86.202019	940.796875
barcode
	1032.000000	61.000000	89.972534	935.313477
barcode
	1031.000000	62.000000	89.260818	933.031189
barcode
	1029.000000	55.000000	88.591362	946.755005
barcode
	1029.000000	58.000000	90.614792	941.560913
barcode
	1028.000000	69.000000	87.060661	923.805298
barcode
	1029.000000	59.000000	87.246742	938.797913
barcode
	1031.000000	63.000000	87.208710	932.109497
barcode
	1031.000000	60.000000	89.956566	938.092896
barcode
	1032.000000	64.000000	88.318871	929.148621
barcode
	1029.000000	58.000000	87.103210	938.463135
barcode
	1029.000000	58.000000	90.921005	938.823608
barcode
	1027.000000	68.000000	88.145805	923.840576
barcode
	1029.000000	62.000000	87.904419	930.052612
barcode
	1030.000000	62.000000	86.040306	935.423157
barcode
	1031.000000	55.000000	90.240555	947.956970
barcode
	1031.000000	61.000000	88.856506	935.371826
barcode
	1029.000000	56.000000	85.571312	942.555664
barcode
	1029.000000	55.000000	90.044121	946.381409
barcode
	1030.000000	59.000000	90.312874	938.492737
barcode
	1029.000000	63.000000	85.670891	934.658203
barcode
	1031.000000	61.000000	84.934998	932.711548
barcode
	1031.000000	60.000000	86.390930	937.363831
barcode
	1031.000000	50.000000	92.220573	957.500854
barcode
	1031.000000	62.000000	90.593277	933.333374
barcode, X`R
	1035.000000	30.000000	85.294319	995.640747
barcode, R`G
	1024.000000	71.000000	98.170410	915.610962
barcode, G`B
	1031.000000	51.000000	76.725708	958.628906
barcode, B`X
	1028.000000	56.000000	81.543564	941.370056
barcode
	1030.000000	57.000000	86.308502	940.796204
barcode
	1030.000000	59.000000	85.282753	939.307373
barcode
	1030.000000	54.000000	91.039307	950.503723
barcode
	1031.000000	63.000000	89.325157	931.912048
barcode
	1029.000000	62.000000	87.291351	933.627808
barcode
	1029.000000	61.000000	91.540306	934.028931
barcode
	1027.000000	63.000000	88.043831	934.897400
barcode
	1030.000000	58.000000	87.099365	938.388062
barcode
	1030.000000	60.000000	86.617271	937.904785
barcode
	1029.000000	53.000000	91.528351	952.608337
barcode
	1031.000000	61.000000	89.805977	934.941772
barcode
	1029.000000	59.000000	86.579918	938.252014
barcode
	1029.000000	58.000000	91.475998	939.097046
barcode
	1027.000000	64.000000	87.020943	931.354187
barcode
	1029.000000	58.000000	86.800858	938.860107
barcode
	1030.000000	56.000000	85.872513	944.435364
barcode
	1029.000000	47.000000	90.788849	962.734619
barcode
	1031.000000	62.000000	88.952827	933.314758
barcode
	1029.000000	56.000000	85.257698	942.749146
barcode
	1030.000000	61.000000	90.360046	934.367188
barcode
	1030.000000	61.000000	91.354362	933.459534
barcode
	1027.000000	66.000000	86.649445	928.340210
barcode
	1030.000000	59.000000	85.955681	935.942993
barcode
	1030.000000	58.000000	86.928528	941.258057
barcode
	1029.000000	48.000000	93.112968	960.007629
barcode
	1031.000000	64.000000	89.932709	928.074524
barcode, X`R
	1036.000000	29.000000	84.408882	997.978577
barcode, R`G
	1025.000000	69.000000	96.928879	919.652161
barcode, G`B
	1031.000000	38.000000	75.252937	984.731995
barcode, B`X
	1027.000000	60.000000	81.379356	932.997253
barcode
	1029.000000	62.000000	87.943169	930.188599
barcode
	1030.000000	56.000000	86.559639	941.884460
barcode
	1029.000000	54.000000	92.653404	948.643555
barcode
	1032.000000	63.000000	88.426155	931.217529
barcode
	1029.000000	59.000000	86.490997	938.043457
barcode
	1029.000000	55.000000	91.671768	945.924255
barcode
	1026.000000	62.000000	89.210587	935.059387
barcode
	1029.000000	61.000000	87.116814	931.614807
barcode
	1030.000000	58.000000	86.720200	939.371948
barcode
	1030.000000	52.000000	91.146538	952.734497
barcode
	1031.000000	65.000000	89.265648	927.453735
barcode
	1029.000000	59.000000	86.677032	938.880371
barcode
	1030.000000	59.000000	92.134514	937.442810
barcode
	1026.000000	64.000000	89.104118	931.488098
barcode
	1029.000000	60.000000	87.024483	933.089539
barcode
	1030.000000	55.000000	87.151215	944.905579
barcode
	1030.000000	50.000000	90.563461	956.791016
barcode
	1032.000000	63.000000	87.858887	929.663147
barcode
	1029.000000	60.000000	86.185204	935.812744
barcode
	1029.000000	60.000000	92.653831	935.198730
barcode
	1029.000000	65.000000	92.338226	925.304199
barcode
	1026.000000	64.000000	88.696579	931.713562
barcode
	1029.000000	61.000000	87.027985	931.976074
barcode
	1030.000000	58.000000	85.974388	939.940552
barcode
	1030.000000	49.000000	91.364120	956.663574
barcode
	1032.000000	61.000000	89.112907	933.757568
barcode, X`R
	1036.000000	26.000000	85.046135	1005.691223
barcode, R`G
	1028.000000	71.000000	94.653580	917.179199
barcode, G`B
	1032.000000	41.000000	73.406227	977.946106
barcode, B`X
	1028.000000	54.000000	79.279022	943.971863
barcode
	1029.000000	61.000000	87.299164	930.175537
barcode
	1031.000000	57.000000	86.540100	940.590210
barcode
	1031.000000	55.000000	90.002014	946.102173
barcode
	1033.000000	63.000000	87.969444	929.765808
barcode
	1030.000000	61.000000	85.816666	933.874817
barcode
	1030.000000	55.000000	91.852310	942.178711
barcode
	1027.000000	67.000000	88.477058	924.023132
barcode
	1028.000000	57.000000	88.115425	938.475830
barcode
	1031.000000	55.000000	86.540314	945.307434
barcode
	1030.000000	49.000000	90.131348	956.916382
barcode
	1032.000000	63.000000	88.570107	929.697632
barcode
	1029.000000	61.000000	86.516739	933.869934
barcode
	1029.000000	54.000000	92.452072	945.573975
barcode
	1026.000000	64.000000	88.906464	930.458313
barcode
	1028.000000	58.000000	87.757950	936.465149
barcode
	1031.000000	52.000000	85.431885	950.042847
barcode
	1029.000000	50.000000	88.967461	955.825073
barcode
	1032.000000	60.000000	87.720200	935.873230
barcode
	1030.000000	61.000000	86.839729	933.814819
barcode
	1029.000000	58.000000	91.761543	938.158203
barcode
	1030.000000	62.000000	91.666397	931.569397
barcode
	1027.000000	67.000000	88.892090	926.254578
barcode
	1029.000000	61.000000	86.955101	931.659302
barcode
	1031.000000	52.000000	85.029541	951.359558
barcode
	1030.000000	50.000000	89.510361	953.788574
barcode
	1032.000000	63.000000	88.413681	929.748657
barcode, X`R
	1037.000000	22.000000	83.045303	1011.905273
barcode, R`G
	1029.000000	66.000000	94.177139	926.147888
barcode, G`B
	1033.000000	45.000000	73.102577	971.422974
barcode, B`X
	1028.000000	62.000000	80.101212	928.009705
barcode
	1028.000000	63.000000	86.368286	927.266113
barcode
	1031.000000	56.000000	85.518623	942.389221
barcode
	1030.000000	48.000000	88.466942	959.467529
barcode
	1032.000000	64.000000	87.895233	928.557800
barcode
	1029.000000	62.000000	86.678047	932.201721
barcode
	1029.000000	57.000000	92.790054	940.605408
barcode
	1027.000000	66.000000	87.822922	927.462219
barcode
	1028.000000	57.000000	87.001434	939.102478
barcode
	1031.000000	54.000000	84.686928	946.747192
barcode
	1030.000000	52.000000	87.662148	951.930115
barcode
	1033.000000	65.000000	87.426498	925.901733
barcode
	1030.000000	69.000000	86.476776	918.725769
barcode
	1029.000000	57.000000	91.661301	939.771790
barcode
	1026.000000	67.000000	87.472511	925.808044
barcode
	1028.000000	60.000000	86.749687	931.676575
barcode
	1032.000000	58.000000	85.020546	938.894470
barcode
	1030.000000	57.000000	88.144821	942.160522
barcode
	1033.000000	66.000000	86.576492	924.153687
barcode
	1030.000000	65.000000	85.679825	925.409485
barcode
	1029.000000	56.000000	91.586784	942.049011
barcode
	1029.000000	63.000000	91.900352	930.049866
barcode
	1026.000000	71.000000	88.902161	917.247253
barcode
	1028.000000	61.000000	87.876038	929.883484
barcode
	1032.000000	54.000000	85.198196	946.315186
barcode
	1029.000000	54.000000	88.624405	945.972290
barcode
	1032.000000	62.000000	89.773262	932.591309
barcode, X`R
	1037.000000	21.000000	82.500259	1014.549194
barcode, R`G
	1028.000000	57.000000	95.368164	945.037476
barcode, G`B
	1033.000000	45.000000	72.136177	970.378113
barcode, B`X
	1028.000000	63.000000	79.984688	925.869629
barcode
	1029.000000	58.000000	86.540123	937.328857
barcode
	1033.000000	57.000000	84.334549	940.755615
barcode
	1030.000000	54.000000	87.244362	947.609863
barcode
	1033.000000	63.000000	89.241570	930.750366
barcode
	1030.000000	62.000000	85.514664	931.112610
