barcode
	1199.000000	0.000000	65.522903	1080.000000
barcode
	1199.000000	0.000000	67.194260	1080.000000
barcode
	1197.000000	0.000000	72.841736	1060.799927
barcode
	1194.000000	11.000000	75.379417	1037.179565
barcode
	1198.000000	5.000000	73.051476	1046.879028
barcode
	1198.000000	0.000000	68.717430	1072.366211
barcode
	1198.000000	0.000000	67.658485	1080.000000
barcode
	1199.000000	0.000000	71.538139	1072.613892
barcode, X`R
	1205.000000	0.000000	59.874538	1080.000000
barcode, R`G
	1204.000000	0.000000	64.878860	1080.000000
barcode, G`B
	1200.000000	0.000000	65.267952	1080.000000
barcode, B`X
	1203.000000	1.000000	67.549355	1055.334595
barcode
	1197.000000	3.000000	73.537880	1051.060303
barcode
	1197.000000	0.000000	69.582253	1080.000000
barcode
	1196.000000	0.000000	70.206657	1080.000000
barcode
	1199.000000	0.000000	71.403862	1076.049072
barcode
	1198.000000	0.000000	67.650742	1080.000000
barcode
	1200.000000	0.000000	67.410683	1080.000000
barcode
	1199.000000	20.000000	69.965149	1019.997742
barcode
	1197.000000	4.000000	72.974152	1048.221313
barcode
	1198.000000	0.000000	68.098129	1080.000000
barcode
	1196.000000	0.000000	69.620804	1080.000000
barcode
	1200.000000	0.000000	69.899300	1074.644897
barcode
	1198.000000	0.000000	66.944565	1080.000000
barcode
	1199.000000	0.000000	67.696144	1080.000000
barcode
	1199.000000	21.000000	70.343567	1016.218689
barcode
	1197.000000	2.000000	73.301376	1052.027344
barcode
	1198.000000	0.000000	67.600380	1080.000000
barcode
	1196.000000	0.000000	70.494629	1080.000000
barcode
	1199.000000	0.000000	72.307693	1075.180786
barcode
	1198.000000	0.000000	67.136787	1080.000000
barcode
	1200.000000	0.000000	68.044136	1080.000000
barcode
	1197.000000	1.000000	72.389404	1054.498779
barcode
	1195.000000	10.000000	74.887077	1038.817505
barcode
	1197.000000	0.000000	72.645477	1057.944824
barcode
	1198.000000	0.000000	67.218803	1080.000000
barcode
	1197.000000	0.000000	70.489670	1080.000000
barcode
	1199.000000	0.000000	70.910255	1078.250977
barcode, X`R
	1205.000000	0.000000	59.927368	1080.000000
barcode, R`G
	1205.000000	0.000000	64.791862	1080.000000
barcode, G`B
	1200.000000	0.000000	65.981422	1080.000000
barcode, B`X
	1204.000000	2.000000	65.780807	1055.091553
barcode
	1197.000000	0.000000	72.362366	1058.437256
barcode
	1198.000000	0.000000	67.826210	1080.000000
barcode
	1196.000000	0.000000	71.684761	1080.000000
barcode
	1199.000000	0.000000	68.955338	1077.553589
barcode
	1199.000000	0.000000	66.440666	1080.000000
barcode
	1201.000000	0.000000	66.997124	1080.000000
barcode
	1199.000000	16.000000	68.974014	1026.636963
barcode
	1197.000000	1.000000	72.133919	1054.832031
barcode
	1198.000000	0.000000	67.447716	1080.000000
barcode
	1195.000000	0.000000	72.125275	1080.000000
barcode
	1199.000000	0.000000	71.572983	1080.000000
barcode
	1199.000000	0.000000	68.134048	1074.998779
barcode
	1201.000000	0.000000	67.286156	1080.000000
barcode
	1199.000000	13.000000	69.760811	1033.262207
barcode
	1196.000000	6.000000	75.613991	1044.082275
barcode
	1197.000000	0.000000	69.441803	1079.004272
barcode
	1195.000000	0.000000	72.825500	1080.000000
barcode
	1200.000000	0.000000	70.189873	1076.502563
barcode
	1199.000000	0.000000	66.812317	1080.000000
barcode
	1201.000000	0.000000	66.351227	1080.000000
barcode
	1197.000000	1.000000	72.775307	1053.509033
barcode
	1195.000000	10.000000	74.418167	1040.256348
barcode
	1197.000000	1.000000	72.336441	1053.740112
barcode
	1198.000000	0.000000	66.316162	1080.000000
barcode
	1195.000000	0.000000	71.453461	1080.000000
barcode
	1200.000000	0.000000	70.692543	1080.000000
barcode, X`R
	1206.000000	0.000000	59.141884	1080.000000
barcode, R`G
	1204.000000	0.000000	64.172218	1080.000000
barcode, G`B
	1200.000000	0.000000	63.751896	1080.000000
barcode, B`X
	1203.000000	2.000000	66.794395	1054.232910
barcode
	1197.000000	4.000000	73.231750	1048.055542
barcode
	1198.000000	0.000000	66.077103	1080.000000
barcode
	1195.000000	0.000000	72.884254	1080.000000
barcode
	1200.000000	0.000000	70.278976	1080.000000
barcode
	1199.000000	0.000000	67.454788	1078.167480
barcode
	1203.000000	0.000000	64.781387	1080.000000
barcode
	1200.000000	13.000000	68.667404	1034.849121
barcode
	1197.000000	5.000000	73.315872	1047.577148
barcode
	1198.000000	0.000000	67.104294	1080.000000
barcode
	1195.000000	0.000000	73.666641	1080.000000
barcode
	1199.000000	0.000000	71.584183	1080.000000
barcode
	1199.000000	0.000000	68.008400	1080.000000
barcode
	1202.000000	0.000000	65.133972	1080.000000
barcode
	1199.000000	14.000000	69.327370	1030.190186
barcode
	1197.000000	4.000000	73.916237	1048.575439
barcode
	1198.000000	0.000000	67.288139	1080.000000
barcode
	1194.000000	0.000000	73.958160	1080.000000
barcode
	1199.000000	0.000000	71.835205	1080.000000
barcode
	1199.000000	0.000000	68.093262	1080.000000
barcode
	1202.000000	0.000000	65.492256	1078.464844
barcode
	1198.000000	3.000000	71.983009	1050.276733
barcode
	1197.000000	9.000000	73.284424	1042.747314
barcode
	1198.000000	3.000000	73.027046	1049.554199
barcode
	1197.000000	0.000000	67.443382	1080.000000
barcode
	1194.000000	0.000000	74.840843	1072.116089
barcode
	1199.000000	0.000000	71.617294	1080.000000
barcode, X`R
	1205.000000	0.000000	59.136532	1072.457886
barcode, R`G
	1204.000000	0.000000	64.862267	1080.000000
barcode, G`B
	1199.000000	0.000000	65.889481	1080.000000
barcode, B`X
	1203.000000	0.000000	67.962631	1060.806396
barcode
	1197.000000	5.000000	73.767853	1047.210693
barcode
	1197.000000	0.000000	68.094063	1080.000000
barcode
	1194.000000	0.000000	74.707291	1075.864502
barcode
	1199.000000	0.000000	71.585106	1080.000000
barcode
	1198.000000	0.000000	68.276268	1080.000000
barcode
	1203.000000	0.000000	64.821579	1078.230225
barcode
	1198.000000	10.000000	70.344742	1038.574341
barcode
	1197.000000	3.000000	73.418961	1049.723389
barcode
	1197.000000	0.000000	67.747276	1080.000000
barcode
	1193.000000	0.000000	75.380432	1070.852661
barcode
	1199.000000	0.000000	72.401222	1080.000000
barcode
	1199.000000	0.000000	68.854286	1080.000000
barcode
	1203.000000	0.000000	65.848488	1080.000000
barcode
	1199.000000	9.000000	69.827003	1040.433594
barcode
	1197.000000	4.000000	73.387001	1048.784912
barcode
	1198.000000	0.000000	67.634979	1080.000000
barcode
	1194.000000	0.000000	73.296768	1071.233643
barcode
	1199.000000	0.000000	70.084557	1080.000000
barcode
	1199.000000	0.000000	66.986221	1080.000000
barcode
	1203.000000	0.000000	63.855423	1080.000000
barcode
	1198.000000	7.000000	71.822571	1044.055298
barcode
	1197.000000	9.000000	71.799301	1043.174805
barcode
	1197.000000	4.000000	73.472824	1048.091675
barcode
	1197.000000	0.000000	67.576584	1080.000000
barcode
	1195.000000	0.000000	72.780556	1076.001099
barcode
	1198.000000	0.000000	72.900826	1080.000000
barcode, X`R
	1205.000000	1.000000	60.257698	1055.755737
barcode, R`G
	1204.000000	0.000000	66.266731	1080.000000
barcode, G`B
	1199.000000	0.000000	64.989273	1080.000000
barcode, B`X
	1203.000000	4.000000	67.759140	1050.339478
barcode
	1197.000000	2.000000	73.600555	1051.147339
barcode
	1197.000000	0.000000	67.773560	1080.000000
barcode
	1194.000000	0.000000	73.128899	1066.974243
barcode
	1199.000000	0.000000	71.408157	1080.000000
barcode
	1199.000000	0.000000	67.691208	1080.000000
barcode
	1203.000000	0.000000	64.001892	1074.176270
barcode
	1199.000000	9.000000	69.278969	1042.653076
barcode
	1197.000000	6.000000	73.323334	1043.512817
barcode
	1197.000000	0.000000	68.257782	1080.000000
barcode
	1194.000000	0.000000	73.918762	1058.866943
barcode
	1199.000000	0.000000	71.376701	1080.000000
barcode
	1199.000000	0.000000	68.347977	1080.000000
barcode
	1203.000000	0.000000	64.744286	1077.055298
barcode
	1198.000000	8.000000	70.024002	1044.715942
barcode
	1197.000000	4.000000	73.516846	1046.928467
barcode
	1198.000000	0.000000	68.728783	1080.000000
barcode
	1194.000000	0.000000	72.887794	1065.755249
barcode
	1198.000000	0.000000	71.734909	1080.000000
barcode
	1199.000000	0.000000	67.860321	1080.000000
barcode
	1203.000000	0.000000	64.172882	1071.569092
barcode
	1199.000000	7.000000	72.401855	1043.672363
barcode
	1196.000000	11.000000	74.356781	1037.566650
barcode
	1198.000000	8.000000	73.112450	1040.097656
barcode
	1198.000000	0.000000	67.374229	1080.000000
barcode
	1195.000000	0.000000	72.739372	1064.119995
barcode
	1199.000000	0.000000	71.140610	1080.000000
barcode, X`R
	1204.000000	0.000000	59.669567	1058.219604
barcode, R`G
	1204.000000	0.000000	64.610657	1080.000000
barcode, G`B
	1199.000000	0.000000	65.135277	1080.000000
barcode, B`X
	1203.000000	6.000000	68.119522	1046.552979
barcode
	1197.000000	7.000000	73.053024	1041.268188
barcode
	1197.000000	0.000000	67.858559	1080.000000
barcode
	1195.000000	0.000000	73.188545	1062.606323
barcode
	1199.000000	0.000000	71.009010	1080.000000
barcode
	1199.000000	0.000000	66.797119	1080.000000
barcode
	1203.000000	0.000000	64.031296	1074.177734
barcode
	1199.000000	7.000000	69.186523	1046.851196
barcode
	1197.000000	6.000000	72.662895	1044.510742
barcode
	1198.000000	0.000000	67.661461	1080.000000
barcode
	1195.000000	1.000000	72.560852	1056.869263
barcode
	1199.000000	0.000000	69.918083	1080.000000
barcode
	1199.000000	0.000000	65.939148	1080.000000
barcode
	1203.000000	0.000000	63.899475	1070.760132
barcode
	1199.000000	7.000000	68.768700	1046.964600
barcode
	1197.000000	5.000000	72.560074	1046.651245
barcode
	1198.000000	0.000000	67.335724	1080.000000
barcode
	1196.000000	0.000000	71.202568	1066.705322
barcode
	1199.000000	0.000000	71.378654	1080.000000
barcode
	1199.000000	0.000000	66.456665	1080.000000
barcode
	1202.000000	0.000000	63.501392	1067.499512
barcode
	1198.000000	5.000000	72.026207	1048.500977
barcode
	1197.000000	11.000000	71.999146	1037.343018
barcode
	1197.000000	3.000000	72.648773	1051.050903
barcode
	1197.000000	0.000000	68.350067	1080.000000
barcode
	1195.000000	0.000000	72.692085	1060.948364
barcode
	1199.000000	0.000000	71.182060	1079.990234
barcode, X`R
	1203.000000	5.000000	59.725361	1046.995239
barcode, R`G
	1203.000000	0.000000	65.713211	1080.000000
barcode, G`B
	1199.000000	0.000000	63.886219	1080.000000
barcode, B`X
	1203.000000	11.000000	67.454353	1037.890869
barcode
	1197.000000	0.000000	71.919830	1057.726196
barcode
	1197.000000	0.000000	68.313957	1080.000000
barcode
	1196.000000	0.000000	72.235809	1060.349121
barcode
	1200.000000	17.000000	68.863731	1027.961304
barcode
	1199.000000	0.000000	67.344269	1080.000000
barcode
	1202.000000	1.000000	64.901283	1057.176147
barcode
	1200.000000	9.000000	67.870667	1043.098389
barcode
	1197.000000	5.000000	72.274895	1045.887085
barcode
	1197.000000	0.000000	68.473465	1077.195679
barcode
	1195.000000	4.000000	72.480988	1050.630249
barcode
	1199.000000	0.000000	70.597458	1077.071289
barcode
	1198.000000	0.000000	67.296753	1080.000000
barcode
	1202.000000	0.000000	64.757729	1058.947754
barcode
	1200.000000	8.000000	67.954720	1044.719604
barcode
	1197.000000	4.000000	72.185730	1047.464478
barcode
	1197.000000	0.000000	68.144417	1080.000000
barcode
	1196.000000	1.000000	72.692719	1056.425293
barcode
	1198.000000	0.000000	71.584602	1080.000000
barcode
	1198.000000	0.000000	67.077744	1080.000000
barcode
	1202.000000	0.000000	64.774872	1064.157959
barcode
	1197.000000	1.000000	72.584633	1055.991211
barcode
	1198.000000	5.000000	71.287750	1048.498535
barcode
	1197.000000	3.000000	71.824570	1049.631104
barcode
	1197.000000	0.000000	69.049301	1080.000000
barcode
	1195.000000	3.000000	73.219963	1053.970825
barcode
	1198.000000	0.000000	71.374008	1080.000000
barcode, X`R
	1203.000000	2.000000	59.977833	1053.406006
barcode, R`G
	1202.000000	0.000000	67.348007	1080.000000
barcode, G`B
	1198.000000	0.000000	64.534615	1080.000000
barcode, B`X
	1202.000000	15.000000	68.022957	1030.047607
barcode
	1197.000000	3.000000	72.803711	1049.258911
barcode
	1197.000000	0.000000	68.250427	1079.658936
barcode
	1196.000000	0.000000	71.294868	1059.092773
barcode
	1200.000000	0.000000	68.696091	1080.000000
barcode
	1198.000000	0.000000	66.466957	1080.000000
barcode
	1202.000000	0.000000	65.117622	1057.910400
barcode
	1200.000000	6.000000	67.086311	1048.016357
barcode
	1197.000000	5.000000	72.158775	1046.522217
barcode
	1197.000000	0.000000	68.443283	1080.000000
barcode
	1197.000000	1.000000	70.656578	1055.722290
barcode
	1199.000000	0.000000	69.740654	1077.697144
barcode
	1198.000000	0.000000	65.951645	1080.000000
barcode
	1202.000000	2.000000	65.200645	1054.963867
barcode
	1201.000000	9.000000	66.645416	1043.436401
barcode
	1197.000000	5.000000	72.607315	1046.142334
barcode
	1197.000000	0.000000	69.488899	1071.658569
barcode
	1197.000000	3.000000	71.151909	1054.180420
barcode
	1199.000000	0.000000	69.739418	1080.000000
barcode
	1198.000000	0.000000	65.670860	1080.000000
barcode
	1202.000000	2.000000	64.958984	1053.249512
barcode
	1198.000000	4.000000	70.380531	1051.208740
barcode
	1198.000000	8.000000	70.114265	1042.710693
barcode
	1197.000000	2.000000	70.766991	1051.028076
barcode
	1196.000000	0.000000	68.871544	1079.214355
barcode
	1197.000000	1.000000	69.913971	1056.279175
barcode
	1199.000000	0.000000	69.032417	1079.642822
barcode, X`R
	1202.000000	10.000000	60.309654	1036.591675
barcode, R`G
	1201.000000	0.000000	66.327606	1080.000000
barcode, G`B
	1199.000000	0.000000	63.866402	1080.000000
barcode, B`X
	1202.000000	11.000000	66.894440	1037.470703
barcode
	1197.000000	0.000000	71.925003	1057.807251
barcode
	1197.000000	0.000000	68.400597	1072.948730
barcode
	1196.000000	0.000000	70.740578	1059.768799
barcode
	1199.000000	0.000000	70.005165	1079.276855
barcode
	1197.000000	27.000000	69.380615	1005.718872
barcode
	1199.000000	0.000000	67.140594	1060.583130
barcode
	1202.000000	12.000000	69.259293	1034.615234
barcode
	1202.000000	2.000000	67.630844	1052.232056
barcode
	1198.000000	0.000000	68.320129	1061.445068
barcode
	1199.000000	6.000000	71.209648	1043.004639
barcode
	1199.000000	0.000000	68.337311	1053.655640
barcode
	1197.000000	3.000000	69.420303	1051.102417
barcode
	1200.000000	1.000000	65.694778	1058.284546
barcode
	1201.000000	13.000000	69.058167	1034.068481
barcode
	1202.000000	0.000000	67.343788	1057.276611
barcode
	1199.000000	0.000000	68.012352	1058.968628
barcode
	1197.000000	12.000000	74.914520	1031.562622
barcode
	1198.000000	1.000000	69.951881	1051.771973
barcode
	1196.000000	5.000000	71.056076	1045.676270
barcode
	1199.000000	0.000000	68.150398	1059.031006
barcode
	1198.000000	0.000000	73.920036	1065.997437
barcode
	1201.000000	13.000000	69.966583	1034.407715
barcode
	1201.000000	3.000000	68.527786	1048.949707
barcode
	1199.000000	0.000000	69.858147	1057.820190
barcode
	1197.000000	9.000000	73.554581	1036.481079
barcode
	1198.000000	5.000000	69.683067	1045.431274
barcode, RR`
	1200.000000	0.000000	71.010811	1075.015991
barcode, GG`
	1202.000000	0.000000	72.922272	1080.000000
barcode, BB`
	1199.000000	0.000000	67.231773	1056.514160
barcode
	1202.000000	0.000000	65.820221	1068.353271
barcode
	1201.000000	3.000000	68.842323	1049.918945
barcode
	1199.000000	0.000000	69.113037	1059.153076
barcode
	1198.000000	9.000000	73.033043	1037.524902
barcode
	1199.000000	3.000000	68.899429	1048.218506
barcode
	1198.000000	4.000000	70.627304	1048.486084
barcode
	1201.000000	0.000000	67.448059	1066.428101
barcode
	1201.000000	16.000000	70.295982	1028.580566
barcode
	1202.000000	2.000000	68.499283	1052.117188
barcode
	1199.000000	1.000000	68.783463	1053.954346
barcode
	1198.000000	7.000000	71.878174	1042.369263
barcode
	1198.000000	2.000000	68.968544	1052.007568
barcode
	1198.000000	5.000000	69.179825	1047.118042
barcode
	1200.000000	0.000000	66.610962	1072.447998
barcode
	1202.000000	15.000000	70.091705	1031.563721
barcode
	1202.000000	0.000000	68.165573	1058.219116
barcode
	1199.000000	0.000000	68.996590	1058.910034
barcode
	1198.000000	9.000000	72.059189	1037.397827
barcode
	1199.000000	0.000000	67.769493	1053.757080
barcode
	1198.000000	3.000000	66.577316	1049.558594
barcode
	1201.000000	0.000000	62.902016	1070.370361
barcode
	1200.000000	0.000000	70.155930	1070.662476
barcode
	1202.000000	8.000000	68.717415	1043.918091
barcode
	1202.000000	0.000000	67.095001	1055.883667
barcode
	1199.000000	0.000000	68.924500	1057.298218
barcode
	1199.000000	7.000000	71.323486	1040.983276
barcode
	1199.000000	0.000000	68.211617	1053.720947
barcode, X`R
	1202.000000	0.000000	65.606560	1080.000000
barcode, GG`
	1204.000000	0.000000	70.238281	1080.000000
barcode, BB`
	1199.000000	10.000000	64.400848	1037.989746
barcode, B`X
	1201.000000	0.000000	65.791328	1077.035278
barcode
	1201.000000	0.000000	69.215660	1064.550659
barcode
	1199.000000	0.000000	68.530098	1063.166748
barcode
	1198.000000	7.000000	72.569267	1041.393555
barcode
	1198.000000	2.000000	69.168030	1051.363281
barcode
	1198.000000	0.000000	68.049309	1058.209473
barcode
	1200.000000	0.000000	66.592072	1072.900513
barcode
	1201.000000	12.000000	70.939674	1035.107788
barcode
	1202.000000	0.000000	67.483337	1055.742554
barcode
	1200.000000	0.000000	68.590118	1063.235718
barcode
	1199.000000	2.000000	70.729805	1050.473999
barcode
	1199.000000	0.000000	67.659996	1055.487427
barcode
	1198.000000	0.000000	67.945053	1059.030029
barcode
	1201.000000	0.000000	64.399933	1080.000000
barcode
	1201.000000	12.000000	70.907928	1035.499023
barcode
	1202.000000	0.000000	66.684036	1058.676025
barcode
	1199.000000	2.000000	67.731461	1052.435791
barcode
	1199.000000	6.000000	72.646439	1041.944580
barcode
	1198.000000	0.000000	68.991539	1053.238525
barcode
	1198.000000	5.000000	67.319702	1045.934570
barcode
	1201.000000	0.000000	64.622879	1080.000000
barcode
	1198.000000	0.000000	72.190781	1069.516113
barcode
	1200.000000	18.000000	69.872864	1024.815674
barcode
	1202.000000	0.000000	65.936241	1057.532104
barcode
	1199.000000	0.000000	68.098640	1057.349243
barcode
	1198.000000	4.000000	71.886993	1046.807129
barcode
	1198.000000	0.000000	68.126602	1055.478027
barcode, X`R
	1205.000000	0.000000	61.797009	1078.483521
barcode, R`G
	1205.000000	0.000000	66.497658	1064.708496
barcode, G`B, BB`
	1198.000000	8.000000	65.676178	1042.207642
barcode, B`X
	1200.000000	0.000000	64.966415	1070.123169
barcode
	1202.000000	0.000000	67.111130	1057.529297
barcode
	1199.000000	0.000000	68.062744	1059.106689
barcode
	1199.000000	6.000000	70.903320	1042.155151
barcode
	1199.000000	2.000000	67.092285	1051.459717
barcode
	1198.000000	0.000000	68.371941	1060.166138
barcode
	1202.000000	0.000000	64.740250	1080.000000
barcode
	1201.000000	14.000000	71.807037	1032.585205
barcode
	1202.000000	0.000000	66.714996	1056.796631
barcode
	1200.000000	0.000000	66.943512	1064.500732
barcode
	1199.000000	2.000000	70.482803	1051.315430
barcode
	1199.000000	1.000000	67.634750	1052.974731
barcode
	1198.000000	0.000000	67.340424	1061.607666
barcode
	1202.000000	0.000000	64.332787	1080.000000
barcode, B`X
	1200.000000	14.000000	71.991325	1030.073975
barcode
	1202.000000	0.000000	66.152267	1055.905640
barcode
	1199.000000	0.000000	67.741302	1061.974854
barcode
	1198.000000	3.000000	71.328453	1049.586792
barcode
	1198.000000	0.000000	68.548058	1056.590332
barcode
	1197.000000	0.000000	66.732384	1060.515991
barcode
	1201.000000	0.000000	63.672932	1080.000000
barcode
	1197.000000	0.000000	72.750648	1069.552124
barcode, B`X
	1200.000000	15.000000	70.639679	1029.400391
barcode
	1202.000000	0.000000	66.472710	1059.146118
barcode
	1199.000000	0.000000	67.281471	1059.705566
barcode
	1199.000000	3.000000	69.975685	1048.757080
barcode
	1199.000000	1.000000	67.460587	1052.935669
barcode, X`R
	1205.000000	0.000000	61.758492	1080.000000
barcode, R`G
	1204.000000	6.000000	67.136620	1047.013184
barcode, G`B
	1199.000000	0.000000	63.900475	1067.393677
barcode, B`X
	1200.000000	0.000000	65.794296	1066.073120
barcode
	1202.000000	0.000000	65.256973	1056.231079
