barcode
	1184.000000	88.000000	52.236786	870.043030
barcode, X`R
	1181.000000	41.000000	52.593616	961.915405
barcode, R`G
	1185.000000	77.000000	51.236420	895.278687
barcode, G`B
	1181.000000	81.000000	56.345875	890.442383
barcode, B`X
	1183.000000	85.000000	54.800755	873.306335
barcode
	1180.000000	66.000000	51.977089	915.409912
barcode
	1178.000000	78.000000	55.444939	886.111328
barcode
	1183.000000	83.000000	54.687225	875.878418
barcode
	1183.000000	92.000000	52.759541	863.292236
barcode
	1181.000000	90.000000	52.400391	869.954041
barcode
	1180.000000	90.000000	52.634460	865.193298
barcode, B`X
	1181.000000	59.000000	57.288353	929.890015
barcode
	1180.000000	69.000000	52.016876	908.980652
barcode
	1178.000000	76.000000	55.403103	891.023926
barcode
	1183.000000	86.000000	55.119179	871.943298
barcode
	1183.000000	92.000000	53.125744	863.062805
barcode
	1180.000000	88.000000	52.236088	873.554688
barcode
	1180.000000	90.000000	52.428856	866.097473
barcode, B`X
	1180.000000	63.000000	55.992092	922.225586
barcode
	1181.000000	70.000000	51.921207	907.952698
barcode
	1178.000000	79.000000	55.852734	885.336670
barcode
	1183.000000	87.000000	55.393967	870.218323
barcode
	1183.000000	94.000000	53.063000	859.602295
barcode
	1179.000000	92.000000	53.052216	866.213623
barcode
	1179.000000	93.000000	52.627914	860.173706
barcode
	1179.000000	79.000000	53.885838	887.222229
barcode, B`X
	1180.000000	78.000000	56.141281	891.782776
barcode
	1181.000000	69.000000	52.047817	909.124451
barcode
	1178.000000	80.000000	56.473434	882.729858
barcode
	1183.000000	85.000000	55.279297	871.672302
barcode
	1183.000000	91.000000	53.420284	865.295044
barcode, X`R
	1180.000000	46.000000	53.256771	953.081970
barcode, R`G
	1185.000000	86.000000	52.894852	878.068726
barcode, G`B
	1180.000000	79.000000	57.000530	893.300415
barcode, B`X
	1183.000000	80.000000	53.883755	884.684204
barcode
	1181.000000	69.000000	52.208336	909.792969
barcode
	1178.000000	82.000000	56.373245	879.873047
barcode
	1184.000000	86.000000	55.223911	870.598816
barcode
	1183.000000	94.000000	53.370975	859.425659
barcode
	1180.000000	97.000000	53.504021	854.053284
barcode
	1180.000000	92.000000	52.791847	859.824585
barcode, B`X
	1181.000000	56.000000	56.431004	935.874207
barcode
	1181.000000	72.000000	52.959064	903.428955
barcode
	1178.000000	82.000000	56.593655	879.477051
barcode
	1184.000000	87.000000	55.721283	867.470520
barcode
	1183.000000	94.000000	54.172676	860.089478
barcode
	1180.000000	98.000000	53.592812	852.695618
barcode
	1179.000000	99.000000	54.214050	846.118347
barcode, B`X
	1180.000000	59.000000	57.707996	929.714233
barcode
	1181.000000	73.000000	53.510918	900.994934
barcode
	1178.000000	86.000000	57.080231	870.832703
barcode
	1183.000000	84.000000	55.692184	873.788635
barcode
	1182.000000	93.000000	55.099434	861.971863
barcode
	1180.000000	97.000000	53.503601	854.857910
barcode
	1180.000000	97.000000	53.798717	850.572144
barcode
	1179.000000	79.000000	54.505264	886.750732
barcode, B`X
	1178.000000	81.000000	56.333729	884.613892
barcode
	1181.000000	72.000000	52.849819	904.278259
barcode
	1178.000000	78.000000	56.336437	885.987793
barcode
	1183.000000	86.000000	56.414585	871.517029
barcode
	1183.000000	90.000000	54.078094	868.489197
barcode, X`R
	1180.000000	40.000000	52.722866	965.896362
barcode, R`G
	1184.000000	85.000000	53.856052	880.681824
barcode, G`B
	1178.000000	84.000000	59.232075	883.125488
barcode, B`X
	1183.000000	76.000000	54.160492	892.396240
barcode
	1181.000000	68.000000	53.210659	910.906616
barcode
	1178.000000	79.000000	56.416790	883.421692
barcode
	1183.000000	87.000000	55.911179	868.013611
barcode
	1182.000000	89.000000	54.486343	868.238647
barcode
	1179.000000	98.000000	53.530632	852.702637
barcode
	1179.000000	99.000000	54.226032	847.194641
barcode, B`X
	1180.000000	57.000000	56.476147	935.143982
barcode
	1181.000000	68.000000	53.241295	909.940247
barcode
	1178.000000	82.000000	56.689632	879.375671
barcode
	1183.000000	88.000000	55.517380	867.271118
barcode
	1183.000000	91.000000	54.819237	864.484497
barcode
	1180.000000	97.000000	53.047386	854.227417
barcode
	1180.000000	97.000000	53.828037	850.279297
barcode, B`X
	1181.000000	61.000000	56.966579	926.563049
barcode
	1181.000000	71.000000	53.591007	904.642517
barcode
	1178.000000	80.000000	56.587936	884.600098
barcode
	1183.000000	86.000000	55.814846	869.684998
barcode
	1182.000000	91.000000	54.792255	866.391785
barcode
	1180.000000	95.000000	53.061550	857.783691
barcode
	1179.000000	99.000000	54.016602	846.288330
barcode
	1179.000000	80.000000	55.535614	885.511719
barcode, B`X
	1178.000000	81.000000	55.625793	884.964233
barcode
	1181.000000	69.000000	53.027023	908.944458
barcode
	1177.000000	79.000000	57.172272	885.949280
barcode
	1183.000000	87.000000	56.440269	868.195862
barcode
	1182.000000	89.000000	55.356598	870.560913
barcode, X`R
	1180.000000	42.000000	54.077164	961.945618
barcode, R`G
	1183.000000	84.000000	53.872463	882.236938
barcode, G`B
	1178.000000	83.000000	59.956894	885.377747
barcode, B`X
	1183.000000	82.000000	53.625546	879.689819
barcode
	1181.000000	68.000000	53.132523	910.195435
barcode
	1178.000000	81.000000	56.674019	881.464111
barcode
	1182.000000	86.000000	56.840954	869.182373
barcode
	1182.000000	90.000000	54.868580	867.366943
barcode
	1180.000000	99.000000	53.075684	849.835205
barcode
	1179.000000	98.000000	54.560783	848.932800
barcode, B`X
	1181.000000	64.000000	56.547894	920.349670
barcode
	1181.000000	71.000000	53.525654	904.301880
barcode
	1177.000000	79.000000	56.981361	885.443359
barcode
	1182.000000	87.000000	55.929508	868.357300
barcode
	1182.000000	90.000000	55.010803	868.311340
barcode
	1180.000000	99.000000	52.950905	850.494568
barcode
	1179.000000	97.000000	54.506786	850.736572
barcode, B`X
	1180.000000	61.000000	57.059669	925.799194
barcode
	1181.000000	69.000000	53.326153	907.961670
barcode
	1178.000000	82.000000	56.950169	880.483093
barcode
	1182.000000	88.000000	55.188961	866.891418
barcode
	1182.000000	93.000000	55.246094	863.219177
barcode
	1180.000000	97.000000	52.707447	855.568604
barcode
	1180.000000	95.000000	54.398308	856.785767
barcode
	1178.000000	78.000000	56.209698	890.931213
barcode
	1177.000000	88.000000	56.776821	872.198059
barcode
	1181.000000	72.000000	54.194359	903.147095
barcode
	1177.000000	77.000000	57.355949	891.462341
barcode
	1182.000000	86.000000	56.011395	872.576660
barcode
	1181.000000	89.000000	55.017948	871.126953
barcode, X`R
	1180.000000	45.000000	53.161949	957.132874
barcode, R`G
	1184.000000	83.000000	54.415791	886.002136
barcode, G`B
	1177.000000	83.000000	60.586159	884.957642
barcode, B`X
	1183.000000	79.000000	54.471718	887.395935
barcode
	1181.000000	71.000000	54.614861	904.357971
barcode
	1178.000000	74.000000	56.354305	895.883606
barcode
	1183.000000	88.000000	54.800076	867.645752
barcode
	1182.000000	89.000000	54.258324	868.874268
barcode
	1180.000000	102.000000	52.904404	843.423279
barcode
	1180.000000	96.000000	54.209846	854.188965
barcode, B`X
	1180.000000	58.000000	56.689720	930.644226
barcode
	1181.000000	72.000000	54.289524	902.159607
barcode
	1178.000000	73.000000	56.200909	899.101807
barcode
	1183.000000	92.000000	54.722946	861.695923
barcode
	1181.000000	87.000000	54.946274	873.782654
barcode
	1180.000000	98.000000	52.582542	853.045349
barcode
	1180.000000	91.000000	54.170895	864.834961
barcode, B`X
	1180.000000	63.000000	57.243927	922.257446
barcode
	1181.000000	71.000000	54.523281	904.555115
barcode
	1178.000000	73.000000	55.899452	898.524292
barcode
	1183.000000	90.000000	54.981220	863.839539
barcode
	1181.000000	86.000000	54.707493	875.921387
barcode
	1180.000000	99.000000	53.096561	849.720215
barcode
	1179.000000	93.000000	54.351955	861.186829
barcode
	1178.000000	77.000000	56.374821	892.811462
barcode
	1175.000000	100.000000	57.926064	848.176636
barcode
	1181.000000	75.000000	54.298908	897.554077
barcode
	1177.000000	74.000000	57.847969	896.566101
barcode
	1182.000000	90.000000	55.563595	865.656921
barcode
	1181.000000	86.000000	54.663685	877.423767
barcode, X`R
	1180.000000	38.000000	53.686253	970.935669
barcode, R`G
	1183.000000	84.000000	55.449192	882.157471
barcode, G`B
	1177.000000	83.000000	60.924538	884.642578
barcode, B`X
	1183.000000	80.000000	54.507801	887.394470
barcode
	1181.000000	75.000000	55.589603	897.847656
barcode
	1178.000000	68.000000	55.446571	907.791748
barcode
	1182.000000	89.000000	55.099064	868.564270
barcode
	1180.000000	83.000000	54.769993	881.532837
barcode
	1179.000000	94.000000	53.218929	861.037170
barcode
	1179.000000	90.000000	55.309547	867.403503
barcode, B`X
	1178.000000	63.000000	58.344746	921.480591
barcode
	1181.000000	75.000000	55.478760	897.560913
barcode
	1178.000000	70.000000	56.359833	905.516113
barcode
	1183.000000	88.000000	54.778057	871.238220
barcode
	1181.000000	82.000000	54.261467	884.778870
barcode
	1180.000000	91.000000	53.243801	866.363098
barcode
	1179.000000	87.000000	54.578510	872.886292
barcode, B`X
	1180.000000	62.000000	56.599094	923.909729
barcode
	1181.000000	74.000000	54.735523	899.944946
barcode
	1178.000000	71.000000	55.874249	901.502808
barcode
	1182.000000	88.000000	55.162258	869.879089
barcode
	1180.000000	86.000000	54.989273	877.714355
barcode
	1179.000000	90.000000	53.685799	870.104004
barcode
	1178.000000	85.000000	54.426640	877.396667
barcode
	1177.000000	74.000000	57.445251	898.688354
barcode
	1173.000000	104.000000	59.926872	841.540833
barcode
	1181.000000	73.000000	54.655586	900.876648
barcode
	1177.000000	71.000000	56.362282	903.765076
barcode
	1183.000000	88.000000	54.546856	870.901367
barcode
	1180.000000	88.000000	54.874718	873.787598
barcode, X`R
	1181.000000	43.000000	53.583233	961.422729
barcode, R`G
	1183.000000	81.000000	55.665237	886.663330
barcode, G`B
	1178.000000	82.000000	59.489544	886.050781
barcode, B`X
	1183.000000	80.000000	53.472855	885.319946
barcode
	1181.000000	76.000000	54.875809	894.920105
barcode
	1177.000000	73.000000	55.311485	898.880066
barcode
	1183.000000	92.000000	54.370617	864.252502
barcode
	1181.000000	87.000000	54.391537	875.289856
barcode
	1180.000000	91.000000	53.697983	868.343140
barcode
	1178.000000	82.000000	53.553936	886.292542
barcode, B`X
	1178.000000	68.000000	57.024563	912.642944
barcode
	1181.000000	75.000000	54.093056	897.481201
barcode
	1177.000000	71.000000	55.359108	902.762085
barcode
	1183.000000	89.000000	54.263603	870.111694
barcode
	1180.000000	83.000000	54.104378	881.936340
barcode
	1179.000000	90.000000	54.159897	869.711365
barcode
	1179.000000	80.000000	53.791313	888.942871
barcode, B`X
	1179.000000	68.000000	57.454292	911.307434
barcode
	1180.000000	70.000000	53.816620	907.213318
barcode
	1178.000000	67.000000	54.277679	910.647034
barcode
	1183.000000	91.000000	53.336178	865.510620
barcode
	1181.000000	84.000000	54.154270	880.964600
barcode
	1179.000000	86.000000	53.689476	876.407776
barcode
	1179.000000	77.000000	53.259323	895.442200
barcode
	1178.000000	73.000000	56.817772	901.845947
barcode
	1173.000000	106.000000	60.741055	837.367493
barcode
	1179.000000	72.000000	54.289070	903.141968
barcode
	1178.000000	67.000000	54.851643	910.250427
barcode
	1183.000000	92.000000	54.459709	864.690002
barcode
	1180.000000	85.000000	54.194004	877.567261
barcode, X`R
	1180.000000	44.000000	52.830830	959.906616
barcode, R`G
	1183.000000	80.000000	54.180904	888.326233
barcode, G`B
	1177.000000	74.000000	60.416409	898.836121
barcode, B`X
	1183.000000	80.000000	54.395123	887.193848
barcode
	1180.000000	70.000000	54.248920	906.595703
barcode
	1178.000000	64.000000	53.678776	918.198486
barcode
	1183.000000	89.000000	53.602818	869.801331
barcode
	1180.000000	84.000000	54.169106	879.058960
barcode
	1179.000000	82.000000	53.984604	885.759949
barcode
	1178.000000	75.000000	53.712715	900.224731
barcode, B`X
	1177.000000	75.000000	58.133675	898.430664
barcode
	1180.000000	70.000000	53.939674	909.292480
barcode
	1178.000000	66.000000	54.330223	914.521606
barcode
	1183.000000	87.000000	53.288063	874.555054
barcode
	1181.000000	84.000000	53.987034	879.502380
barcode
	1179.000000	83.000000	54.244781	884.295898
barcode
	1179.000000	76.000000	53.943966	899.503723
barcode, B`X
	1178.000000	80.000000	57.620060	888.190979
barcode
	1180.000000	70.000000	53.873005	909.084961
barcode
	1178.000000	69.000000	54.141735	909.429382
barcode
	1183.000000	87.000000	53.264748	873.868591
barcode
	1181.000000	84.000000	54.670620	881.390869
barcode
	1178.000000	81.000000	55.343079	889.941162
barcode
	1178.000000	78.000000	54.166271	894.633728
barcode
	1176.000000	71.000000	58.590267	905.140381
barcode
	1174.000000	101.000000	60.846912	848.909607
barcode
	1180.000000	73.000000	54.785431	901.986572
barcode
	1178.000000	68.000000	55.293583	911.084351
barcode
	1183.000000	89.000000	53.660362	871.006042
barcode
	1181.000000	85.000000	54.566772	878.125366
barcode, X`R
	1181.000000	51.000000	53.407875	945.823608
barcode, R`G
	1184.000000	85.000000	54.570793	878.916138
barcode, G`B
	1176.000000	74.000000	60.861446	899.901428
barcode, B`X
	1183.000000	81.000000	54.814323	885.534119
barcode
	1179.000000	71.000000	54.404980	906.352966
barcode
	1178.000000	66.000000	53.896873	915.243713
barcode
	1184.000000	88.000000	52.689423	873.735901
barcode
	1180.000000	83.000000	54.297302	882.934082
barcode
	1179.000000	71.000000	53.861233	907.154114
barcode
	1178.000000	74.000000	54.849033	901.385925
barcode, B`X
	1177.000000	76.000000	57.540642	895.770020
barcode
	1179.000000	71.000000	54.583782	907.303711
barcode
	1178.000000	67.000000	54.313034	913.380981
barcode
	1183.000000	88.000000	52.952885	872.965393
barcode
	1181.000000	83.000000	53.805729	882.501953
barcode
	1178.000000	77.000000	54.152184	898.134460
barcode
	1178.000000	74.000000	53.897179	904.232544
barcode, B`X
	1178.000000	76.000000	56.720829	895.855408
barcode
	1179.000000	70.000000	53.775703	910.595581
barcode
	1178.000000	67.000000	53.808044	913.407288
barcode
	1183.000000	90.000000	52.896973	870.091980
barcode
	1181.000000	84.000000	53.949978	880.265442
barcode
	1179.000000	74.000000	54.416412	903.776123
barcode
	1178.000000	75.000000	54.658855	901.123596
barcode
	1176.000000	72.000000	58.441063	904.990051
barcode
	1175.000000	102.000000	60.922092	847.387268
barcode
	1179.000000	74.000000	54.532143	902.702515
barcode
	1177.000000	68.000000	55.516731	910.051880
barcode
	1182.000000	90.000000	54.259449	869.081665
barcode
	1180.000000	80.000000	54.358311	886.813416
barcode, X`R
	1180.000000	46.000000	53.295998	956.101929
barcode, R`G
	1182.000000	76.000000	53.677837	898.855225
barcode, G`B
	1178.000000	66.000000	57.172115	914.806335
barcode, B`X
	1184.000000	86.000000	53.651012	876.501709
barcode
	1179.000000	68.000000	54.555855	913.180664
barcode
	1178.000000	64.000000	54.288094	919.650269
barcode
	1183.000000	88.000000	53.483208	872.827209
barcode
	1180.000000	82.000000	54.191414	884.159058
barcode
	1179.000000	68.000000	53.607609	914.835571
barcode
	1178.000000	73.000000	54.618671	904.997253
barcode
	1177.000000	84.000000	57.269722	879.982300
barcode
	1178.000000	71.000000	54.998634	906.649597
barcode
	1178.000000	67.000000	54.031525	913.779907
barcode
	1182.000000	91.000000	53.536346	868.290833
barcode
	1180.000000	82.000000	54.487755	884.526794
barcode
	1179.000000	73.000000	53.945675	905.068909
barcode
	1177.000000	75.000000	54.469208	902.035950
barcode
	1177.000000	83.000000	56.768227	880.799927
barcode
	1178.000000	72.000000	55.594116	906.218140
barcode
	1179.000000	68.000000	54.847843	912.203125
barcode
	1182.000000	91.000000	53.245979	867.507629
barcode
	1180.000000	83.000000	54.895927	883.427795
barcode
	1179.000000	71.000000	53.279778	908.069885
barcode
	1177.000000	74.000000	54.434101	902.283752
barcode
	1176.000000	71.000000	58.279533	904.974060
barcode
	1175.000000	92.000000	60.189293	865.659180
barcode
	1178.000000	74.000000	55.866554	902.785522
barcode
	1178.000000	66.000000	53.827892	913.968750
barcode
	1182.000000	89.000000	53.771301	870.395203
barcode
	1180.000000	83.000000	55.444836	882.190125
barcode, X`R
	1180.000000	42.000000	52.662445	962.915527
barcode, R`G
	1182.000000	79.000000	54.448750	892.478516
barcode, G`B
	1178.000000	64.000000	57.530342	919.633484
barcode, B`X
	1183.000000	84.000000	53.921165	880.451416
barcode
	1179.000000	69.000000	54.912251	912.776672
barcode
	1180.000000	64.000000	53.402813	919.272461
barcode
	1182.000000	88.000000	53.255104	873.354370
barcode
	1179.000000	83.000000	54.903278	881.840332
barcode
	1180.000000	69.000000	53.267246	912.638245
barcode
	1177.000000	73.000000	54.071838	903.965942
barcode
	1177.000000	82.000000	56.448055	882.824707
barcode
	1179.000000	69.000000	54.982182	911.966309
barcode
	1179.000000	64.000000	53.564445	919.095093
barcode
	1182.000000	92.000000	53.418430	866.633606
barcode
	1179.000000	81.000000	54.499310	885.675049
barcode
	1180.000000	70.000000	53.628376	909.383789
barcode
	1177.000000	72.000000	54.503727	906.215149
barcode
	1177.000000	84.000000	56.645981	877.719177
barcode
	1178.000000	72.000000	55.852898	906.523926
barcode
	1180.000000	68.000000	53.042255	911.157837
barcode
	1182.000000	92.000000	54.051590	864.464050
barcode
	1179.000000	80.000000	54.410179	886.593140
barcode
	1180.000000	64.000000	53.104473	922.592102
barcode
	1178.000000	71.000000	53.409813	909.070740
barcode
	1175.000000	80.000000	58.094036	888.863770
barcode
	1175.000000	89.000000	60.599525	873.845093
barcode
	1178.000000	70.000000	56.245064	911.607422
barcode
	1180.000000	68.000000	53.708866	911.745850
barcode
	1182.000000	94.000000	54.275135	862.696899
barcode
	1180.000000	84.000000	54.817814	881.234192
barcode, X`R
	1181.000000	46.000000	52.276928	956.347229
barcode, R`G
	1181.000000	81.000000	53.836384	888.768066
barcode, G`B
	1179.000000	65.000000	55.916794	919.541443
barcode, B`X
	1183.000000	87.000000	54.772625	873.703430
barcode
	1178.000000	71.000000	55.878262	907.407471
barcode
	1180.000000	69.000000	53.179623	910.009460
barcode
	1182.000000	92.000000	53.976318	866.660950
barcode
	1179.000000	81.000000	54.932732	885.416870
barcode
	1180.000000	67.000000	53.292725	914.847656
barcode
	1177.000000	71.000000	54.384548	907.740112
barcode
	1177.000000	81.000000	56.481697	883.751587
barcode
	1178.000000	69.000000	56.373383	913.046082
