barcode, X`R
	1118.000000	117.000000	52.044273	889.936096
barcode, R`G
	1121.000000	141.000000	50.511059	844.618164
barcode, G`B
	1112.000000	141.000000	51.637276	845.713867
barcode, B`X, 
	1119.000000	142.000000	56.447643	841.131714
barcode
	1114.000000	149.000000	54.310966	825.681396
barcode
	1116.000000	144.000000	54.523460	835.075745
barcode
	1118.000000	136.000000	54.325344	849.992737
barcode
	1117.000000	139.000000	55.026127	850.589478
barcode
	1106.000000	181.000000	63.295055	768.151672
barcode
	1119.000000	135.000000	50.687408	853.367126
barcode, B`X
	1113.000000	138.000000	61.228439	849.703430
barcode
	1114.000000	150.000000	54.591869	823.206177
barcode
	1116.000000	145.000000	54.966442	832.211243
barcode
	1118.000000	143.000000	54.849491	837.736389
barcode
	1116.000000	143.000000	55.620678	840.548828
barcode
	1115.000000	134.000000	52.878185	856.605042
barcode
	1120.000000	141.000000	51.213665	840.727478
barcode, B`X
	1112.000000	136.000000	62.860043	853.375183
barcode
	1114.000000	151.000000	54.745182	820.964233
barcode
	1116.000000	145.000000	54.632481	831.927795
barcode
	1118.000000	141.000000	55.058922	840.238220
barcode
	1116.000000	141.000000	54.968948	845.594360
barcode
	1112.000000	152.000000	59.551407	825.460571
barcode, X`R
	1117.000000	154.000000	54.297729	817.194214
barcode
	1115.000000	134.000000	55.205868	854.787781
barcode, B`X
	1109.000000	149.000000	65.744568	826.521973
barcode
	1115.000000	150.000000	53.576981	822.554077
barcode
	1116.000000	144.000000	54.196053	833.838257
barcode
	1118.000000	144.000000	55.516876	833.265015
barcode
	1116.000000	141.000000	54.937389	845.262939
barcode, X`R
	1119.000000	115.000000	51.524601	894.442505
barcode, R`G
	1122.000000	143.000000	51.050385	842.226135
barcode, G`B
	1113.000000	137.000000	52.631794	853.078125
barcode, B`X
	1118.000000	150.000000	53.657440	823.251892
barcode
	1115.000000	148.000000	54.073563	826.439270
barcode
	1115.000000	146.000000	55.168930	829.657776
barcode
	1118.000000	146.000000	55.880989	831.854248
barcode, X`R
	1119.000000	127.000000	49.553570	872.721619
barcode
	1114.000000	151.000000	53.232861	819.840149
barcode, X`R
	1120.000000	150.000000	52.509434	823.454590
barcode, B`X
	1111.000000	135.000000	64.005539	854.940002
barcode
	1114.000000	148.000000	54.773628	827.370667
barcode
	1116.000000	148.000000	56.096222	826.460815
barcode
	1119.000000	149.000000	56.087727	825.508545
barcode
	1116.000000	144.000000	56.392536	840.717773
barcode
	1114.000000	137.000000	53.070213	848.344727
barcode
	1119.000000	151.000000	53.875355	821.953918
barcode, B`X
	1111.000000	137.000000	63.920574	852.770935
barcode
	1114.000000	150.000000	55.608700	823.154419
barcode
	1115.000000	147.000000	56.018230	827.392456
barcode
	1117.000000	150.000000	55.663761	823.291809
barcode
	1116.000000	142.000000	55.265495	842.152893
barcode
	1113.000000	152.000000	58.746319	826.614929
barcode, X`R
	1118.000000	151.000000	54.412491	824.524841
barcode
	1115.000000	133.000000	54.472496	857.232910
barcode, B`X
	1112.000000	151.000000	62.502357	822.569214
barcode
	1114.000000	151.000000	54.361103	821.336609
barcode
	1116.000000	145.000000	54.289589	831.161682
barcode
	1119.000000	152.000000	56.799393	818.347717
barcode
	1116.000000	140.000000	55.188007	847.627930
barcode, X`R
	1119.000000	118.000000	51.578316	890.362915
barcode, R`G
	1122.000000	129.000000	49.801174	869.094971
barcode, G`B
	1113.000000	136.000000	53.036015	853.779846
barcode
	1115.000000	140.000000	56.099045	846.679504
barcode
	1115.000000	149.000000	55.859043	823.050842
barcode
	1115.000000	148.000000	56.184956	825.746887
barcode
	1119.000000	157.000000	57.089470	809.311340
barcode, X`R
	1119.000000	127.000000	48.920837	873.958191
barcode
	1114.000000	149.000000	52.716515	821.206848
barcode, X`R
	1119.000000	153.000000	53.055050	816.067566
barcode, B`X
	1112.000000	132.000000	62.362740	863.054565
barcode
	1115.000000	147.000000	53.562122	829.441223
barcode
	1116.000000	143.000000	55.160095	836.188782
barcode
	1119.000000	157.000000	56.882473	806.426147
barcode
	1117.000000	139.000000	54.425251	847.681396
barcode
	1115.000000	138.000000	52.441204	847.131592
barcode, X`R
	1119.000000	155.000000	53.398407	814.307312
barcode, B`X
	1112.000000	135.000000	63.042290	857.987488
barcode
	1114.000000	147.000000	54.105156	829.733276
barcode
	1115.000000	144.000000	55.283489	833.110352
barcode
	1118.000000	164.000000	57.320778	793.662292
barcode
	1117.000000	140.000000	54.697540	847.645325
barcode
	1113.000000	148.000000	59.131310	832.686768
X`R, 
	1118.000000	143.000000	54.317261	844.944946
barcode
	1115.000000	132.000000	54.330791	861.526184
barcode, B`X
	1110.000000	152.000000	63.556065	822.612488
barcode
	1114.000000	148.000000	53.937393	827.985840
barcode
	1116.000000	144.000000	55.434456	835.252441
barcode
	1119.000000	159.000000	57.971268	801.538269
barcode
	1116.000000	139.000000	55.263664	849.050415
barcode, X`R
	1118.000000	117.000000	51.685001	892.720337
barcode, R`G
	1121.000000	133.000000	49.449574	859.939209
barcode, G`B
	1111.000000	155.000000	55.635063	817.070496
barcode, B`X
	1118.000000	147.000000	53.548351	831.711792
barcode
	1114.000000	148.000000	54.098999	828.669800
barcode
	1116.000000	144.000000	55.366920	835.599060
barcode
	1119.000000	158.000000	56.338863	804.516541
barcode, X`R
	1119.000000	115.000000	49.315746	895.616028
barcode
	1115.000000	146.000000	52.169174	826.598328
barcode, X`R
	1118.000000	143.000000	52.167583	836.225159
barcode, B`X
	1111.000000	137.000000	63.825958	852.364624
barcode
	1114.000000	151.000000	54.900486	822.482117
barcode
	1116.000000	145.000000	56.012905	831.656372
barcode
	1118.000000	163.000000	58.199272	794.517029
barcode
	1116.000000	141.000000	55.944088	844.730591
barcode
	1115.000000	143.000000	53.264103	834.215820
barcode, X`R
	1119.000000	149.000000	52.991070	825.734680
barcode, B`X
	1111.000000	140.000000	65.223190	847.231934
barcode
	1115.000000	154.000000	54.775715	816.535767
barcode
	1116.000000	145.000000	55.478287	833.236267
barcode
	1119.000000	162.000000	55.995838	796.408997
barcode
	1117.000000	141.000000	55.546890	844.534973
barcode
	1113.000000	151.000000	58.937344	827.093872
barcode
	1118.000000	152.000000	54.527287	823.200623
barcode
	1116.000000	134.000000	54.992859	856.423767
barcode, B`X
	1110.000000	152.000000	63.491077	820.482849
barcode
	1115.000000	154.000000	55.084747	816.588379
barcode
	1116.000000	146.000000	55.834930	832.251709
barcode
	1118.000000	161.000000	56.991371	799.920898
barcode
	1117.000000	141.000000	55.852219	846.348694
barcode, X`R
	1119.000000	118.000000	51.232903	891.423523
barcode, R`G
	1122.000000	138.000000	50.114182	852.317871
barcode, G`B
	1111.000000	153.000000	55.699215	822.117188
barcode, B`X
	1119.000000	146.000000	54.068577	834.185364
barcode, R`G
	1115.000000	117.000000	57.476524	896.885376
barcode
	1116.000000	144.000000	55.864136	834.482605
barcode
	1118.000000	159.000000	55.255589	803.403625
barcode, X`R
	1119.000000	124.000000	49.100815	881.692566
barcode
	1116.000000	147.000000	52.592281	826.134277
barcode, X`R
	1120.000000	143.000000	53.372772	839.060913
barcode, B`X
	1110.000000	137.000000	63.406670	853.241394
barcode
	1115.000000	154.000000	55.908283	815.787720
barcode
	1116.000000	147.000000	56.582100	830.051331
barcode
	1118.000000	161.000000	56.329704	797.798828
barcode
	1117.000000	137.000000	55.393711	852.801636
barcode
	1117.000000	144.000000	53.124779	831.593933
barcode, X`R
	1119.000000	145.000000	53.961891	832.857239
barcode, B`X
	1110.000000	136.000000	63.296894	855.673950
barcode
	1114.000000	152.000000	56.301079	819.892090
barcode
	1116.000000	145.000000	56.652645	834.886475
barcode
	1117.000000	161.000000	56.780468	800.233398
barcode
	1117.000000	143.000000	56.482273	841.041687
barcode
	1113.000000	149.000000	59.747990	829.953369
barcode
	1118.000000	151.000000	55.769905	825.040649
barcode
	1114.000000	140.000000	56.564129	845.343262
barcode
	1110.000000	158.000000	64.090965	809.432800
barcode
	1115.000000	158.000000	57.004097	808.409607
barcode
	1116.000000	145.000000	56.924347	833.602905
barcode
	1118.000000	158.000000	56.745296	805.497559
barcode
	1117.000000	137.000000	56.240765	853.274048
barcode, X`R
	1118.000000	115.000000	51.714684	897.455994
barcode, R`G
	1122.000000	141.000000	49.210861	845.702087
barcode, G`B
	1110.000000	161.000000	57.465878	806.793457
barcode, B`X
	1118.000000	152.000000	55.015148	818.278992
barcode
	1115.000000	156.000000	57.002716	811.742554
barcode
	1117.000000	149.000000	57.753815	825.305603
barcode
	1117.000000	158.000000	55.985226	805.701904
barcode, X`R
	1117.000000	113.000000	52.042484	899.270447
barcode
	1117.000000	155.000000	54.603027	812.346985
barcode, X`R
	1119.000000	163.000000	57.048073	797.415955
barcode, B`X
	1111.000000	140.000000	63.948254	845.877930
barcode
	1115.000000	159.000000	57.973362	806.006348
barcode
	1116.000000	150.000000	58.887852	824.515381
barcode
	1118.000000	161.000000	55.978153	799.344116
barcode
	1117.000000	139.000000	57.936478	849.288330
barcode
	1116.000000	157.000000	55.727211	806.084961
barcode, X`R
	1119.000000	153.000000	55.742077	816.979126
barcode, B`X
	1110.000000	144.000000	64.297729	839.380432
barcode
	1115.000000	158.000000	57.976574	807.764404
barcode
	1116.000000	147.000000	58.341198	829.767395
barcode
	1117.000000	157.000000	56.338467	808.922241
barcode
	1117.000000	135.000000	56.292248	856.857056
barcode
	1113.000000	153.000000	60.000530	822.611755
barcode
	1117.000000	152.000000	56.003345	822.835449
barcode
	1113.000000	139.000000	57.307842	846.634583
barcode
	1110.000000	151.000000	61.961990	821.172913
barcode
	1114.000000	155.000000	57.260643	813.655273
barcode
	1116.000000	148.000000	57.563015	827.641174
barcode
	1117.000000	156.000000	55.471355	810.857422
barcode
	1116.000000	141.000000	57.250370	846.020142
barcode, X`R
	1118.000000	114.000000	52.429050	899.935425
barcode, R`G
	1119.000000	136.000000	53.544506	856.814270
barcode, G`B
	1111.000000	167.000000	59.543236	797.082031
barcode, B`X
	1117.000000	150.000000	57.429569	823.667053
barcode
	1111.000000	189.000000	62.051083	754.286133
barcode
	1115.000000	148.000000	57.135460	833.754517
barcode
	1117.000000	162.000000	56.802101	798.941833
barcode, X`R
	1119.000000	113.000000	50.793415	902.549866
barcode
	1117.000000	145.000000	53.788879	831.382874
barcode, X`R
	1118.000000	148.000000	55.175941	828.663513
barcode, B`X
	1110.000000	141.000000	62.582466	844.443176
barcode
	1115.000000	152.000000	56.881676	819.307922
barcode
	1116.000000	146.000000	57.525658	830.931824
barcode
	1116.000000	157.000000	55.210911	809.376343
barcode
	1116.000000	139.000000	56.689911	850.103760
barcode
	1115.000000	152.000000	55.505589	815.035156
barcode, X`R
	1119.000000	149.000000	56.280125	824.536804
barcode, B`X
	1110.000000	142.000000	63.424164	843.500977
barcode
	1114.000000	155.000000	57.642155	815.071106
barcode
	1116.000000	148.000000	57.944729	827.727295
barcode
	1117.000000	153.000000	54.464569	818.338806
barcode
	1117.000000	137.000000	57.564018	854.427124
barcode
	1114.000000	146.000000	60.072906	836.420593
barcode
	1117.000000	149.000000	57.100483	829.354492
barcode
	1113.000000	143.000000	58.736259	839.910217
barcode
	1108.000000	155.000000	62.703022	816.077576
barcode
	1115.000000	158.000000	58.266212	808.950500
barcode
	1116.000000	151.000000	58.107037	823.189819
barcode
	1117.000000	162.000000	56.619446	802.208679
barcode
	1116.000000	139.000000	57.373306	850.516235
barcode, X`R
	1118.000000	112.000000	52.002464	904.091614
barcode, R`G
	1120.000000	125.000000	51.420952	878.613953
barcode, G`B
	1109.000000	176.000000	58.174431	778.154053
barcode, B`X
	1117.000000	154.000000	57.155926	816.558960
barcode
	1115.000000	156.000000	57.801189	814.598633
barcode
	1116.000000	149.000000	58.021004	827.198059
barcode
	1117.000000	159.000000	56.000633	806.957153
barcode
	1116.000000	141.000000	57.620995	848.055664
barcode
	1105.000000	173.000000	68.426605	787.305542
barcode, X`R
	1119.000000	150.000000	57.860622	824.040833
barcode, B`X
	1110.000000	147.000000	64.080032	832.712402
barcode
	1115.000000	155.000000	58.291317	815.841980
barcode
	1116.000000	146.000000	58.260891	832.564087
barcode
	1118.000000	157.000000	56.458099	812.663818
barcode
	1116.000000	137.000000	57.358727	854.946838
barcode
	1116.000000	155.000000	56.948936	812.244385
barcode, X`R
	1120.000000	147.000000	57.424126	831.524414
barcode
	1110.000000	147.000000	64.535889	832.550720
barcode
	1115.000000	153.000000	57.872963	820.007385
barcode
	1116.000000	146.000000	58.071922	833.504639
barcode
	1117.000000	159.000000	56.444172	807.238098
barcode
	1116.000000	139.000000	56.608608	850.914368
barcode
	1113.000000	146.000000	60.537258	835.548889
barcode
	1117.000000	145.000000	57.625820	838.461060
barcode
	1113.000000	138.000000	58.414162	852.556396
barcode
	1109.000000	155.000000	61.641869	813.559265
barcode
	1115.000000	153.000000	57.784912	819.871582
barcode
	1116.000000	147.000000	57.812283	830.556641
barcode
	1117.000000	154.000000	56.861279	816.994324
barcode
	1116.000000	139.000000	57.829994	850.433960
barcode, X`R
	1118.000000	106.000000	51.683437	917.359497
barcode, R`G
	1120.000000	131.000000	52.013916	867.685242
barcode, G`B
	1110.000000	177.000000	58.732979	776.320679
barcode, B`X
	1117.000000	156.000000	58.602909	812.588562
barcode
	1115.000000	153.000000	57.533310	819.974304
barcode, R`G
	1112.000000	115.000000	56.163658	906.667542
barcode
	1117.000000	159.000000	56.107506	806.931030
barcode
	1116.000000	137.000000	56.529522	854.377563
barcode
	1105.000000	171.000000	68.245659	790.781555
barcode, X`R
	1120.000000	145.000000	56.533432	835.979248
barcode
	1110.000000	148.000000	63.589684	830.519043
barcode
	1115.000000	151.000000	57.868580	822.564880
barcode
	1116.000000	146.000000	58.184086	833.259705
barcode
	1117.000000	153.000000	55.791031	821.135315
barcode
	1116.000000	139.000000	57.134281	850.001892
barcode
	1115.000000	144.000000	54.684761	834.953125
X`R, 
	1122.000000	141.000000	56.502724	846.356018
barcode
	1111.000000	151.000000	63.185318	824.061951
barcode
	1115.000000	152.000000	58.169949	820.713013
barcode
	1115.000000	146.000000	58.126476	834.245728
barcode
	1117.000000	156.000000	55.618614	814.086487
barcode
	1116.000000	138.000000	56.341301	851.779480
barcode
	1114.000000	143.000000	60.344231	840.832764
barcode
	1117.000000	144.000000	57.230362	840.174805
barcode
	1112.000000	138.000000	58.741074	851.743652
barcode
	1108.000000	155.000000	62.720905	815.420105
barcode
	1115.000000	152.000000	57.282032	821.687073
barcode
	1116.000000	144.000000	57.401817	837.199036
barcode
	1117.000000	154.000000	55.879391	820.186340
barcode
	1117.000000	138.000000	57.387932	851.987610
barcode, X`R
	1118.000000	109.000000	51.960152	910.941162
barcode, R`G
	1119.000000	139.000000	55.237854	849.936096
barcode, G`B
	1110.000000	177.000000	58.577141	776.986694
barcode, B`X
	1117.000000	155.000000	56.301689	815.976440
barcode
	1115.000000	153.000000	57.699085	819.000610
barcode
	1116.000000	149.000000	57.876350	828.637939
barcode
	1117.000000	154.000000	54.379360	819.129211
barcode, X`R
	1118.000000	105.000000	49.842297	917.978882
barcode
	1117.000000	141.000000	54.994133	842.523254
X`R, 
	1119.000000	138.000000	55.791271	853.541687
barcode
	1110.000000	153.000000	62.770794	820.498474
barcode
	1115.000000	149.000000	57.138798	826.247253
barcode
	1116.000000	145.000000	57.915447	836.190674
barcode
	1117.000000	155.000000	54.930107	817.009521
barcode
	1116.000000	140.000000	56.932388	847.576355
barcode
	1116.000000	145.000000	55.305214	832.626343
barcode
	1119.000000	146.000000	56.224392	833.821167
barcode
	1110.000000	154.000000	62.297688	819.071960
barcode
	1116.000000	152.000000	57.970985	822.287781
barcode
	1116.000000	148.000000	58.701782	830.187317
barcode
	1117.000000	152.000000	54.729755	823.562378
barcode
	1116.000000	141.000000	57.103088	846.041504
barcode
	1113.000000	115.000000	54.725391	888.875488
barcode, G`B
	1112.000000	120.000000	53.685871	884.083618
barcode
	1112.000000	136.000000	58.553635	854.117737
barcode
	1107.000000	156.000000	63.057289	811.641846
barcode
	1116.000000	149.000000	57.029888	827.218506
barcode
	1116.000000	146.000000	58.100147	835.516113
barcode
	1117.000000	153.000000	55.000557	822.944458
barcode
	1116.000000	138.000000	55.793251	851.196472
barcode, X`R
	1119.000000	111.000000	50.733116	906.892883
barcode, R`G
	1120.000000	131.000000	52.168583	865.053833
barcode, G`B
	1111.000000	169.000000	58.331470	791.110352
barcode, B`X
	1119.000000	156.000000	55.925560	813.803040
barcode
	1116.000000	150.000000	57.473995	824.339661
barcode
	1116.000000	142.000000	57.050896	843.006958
barcode, R`G
	1117.000000	138.000000	54.404552	854.036621
barcode
	1116.000000	141.000000	57.619942	846.685547
barcode
	1104.000000	174.000000	69.116379	786.740112
barcode
	1119.000000	145.000000	56.080116	834.948975
barcode
	1111.000000	155.000000	62.348648	816.719727
barcode
	1116.000000	152.000000	58.362267	821.375244
barcode
	1115.000000	145.000000	58.499447	836.681641
barcode
	1117.000000	145.000000	55.180737	836.587402
barcode
	1116.000000	138.000000	55.961288	851.637512
barcode
	1115.000000	147.000000	56.180016	829.484009
barcode
	1119.000000	144.000000	56.403538	838.551453
barcode
	1111.000000	152.000000	61.222263	822.559692
barcode
	1116.000000	151.000000	57.771320	824.769226
barcode
	1115.000000	147.000000	57.738979	833.469055
barcode
	1117.000000	149.000000	55.501244	830.804382
barcode
	1116.000000	140.000000	57.454281	848.977478
barcode
	1115.000000	138.000000	59.876259	851.836792
barcode
	1117.000000	136.000000	55.951668	856.208801
barcode
	1112.000000	136.000000	59.656105	854.923584
barcode
	1108.000000	152.000000	62.253635	820.837891
barcode
	1117.000000	150.000000	57.531750	827.108032
barcode
	1116.000000	145.000000	57.656532	836.511108
barcode
	1117.000000	149.000000	55.957024	829.771362
barcode
	1116.000000	139.000000	56.656212	850.496643
barcode, X`R
	1118.000000	107.000000	52.535465	915.743042
barcode, R`G
	1119.000000	133.000000	54.134674	861.024719
barcode, G`B
	1111.000000	163.000000	56.212433	802.721008
barcode, B`X
	1115.000000	161.000000	59.918633	801.453857
barcode
	1116.000000	151.000000	58.885948	825.371155
barcode
	1116.000000	143.000000	58.057842	841.265381
barcode
	1117.000000	150.000000	55.818645	829.064392
barcode, X`R
	1117.000000	107.000000	51.838440	911.853882
barcode, X`R
	1119.000000	150.000000	55.061802	826.518250
barcode
	1119.000000	146.000000	59.346081	833.633606
barcode
	1110.000000	156.000000	62.925533	814.124756
barcode
	1116.000000	152.000000	59.857147	822.017212
barcode
	1116.000000	143.000000	59.275333	842.837036
