barcode
	1030.000000	137.000000	54.639606	835.707703
barcode
	1029.000000	135.000000	57.366276	839.868591
barcode
	1027.000000	130.000000	55.906689	854.203064
barcode
	1029.000000	146.000000	54.549557	820.237305
barcode
	1030.000000	146.000000	53.782272	822.012878
barcode
	1029.000000	142.000000	54.286663	830.906677
barcode
	1030.000000	128.000000	52.372562	854.915039
barcode, RR`
	1034.000000	140.000000	49.330296	836.116333
barcode, GG`
	1031.000000	163.000000	50.257076	787.203674
barcode, BB`
	1028.000000	147.000000	54.310417	820.721863
barcode, B`X, 
	1033.000000	123.000000	54.401913	867.690918
barcode
	1028.000000	157.000000	53.350349	799.626282
barcode
	1030.000000	143.000000	53.042587	825.680725
barcode
	1029.000000	141.000000	53.850815	833.502197
barcode
	1029.000000	131.000000	52.699059	847.963074
barcode
	1030.000000	135.000000	56.110184	839.879028
barcode
	1030.000000	138.000000	54.608578	836.057068
barcode
	1027.000000	128.000000	55.941902	857.260010
barcode
	1029.000000	145.000000	54.245213	824.088684
barcode
	1030.000000	140.000000	53.185333	830.969482
barcode
	1029.000000	142.000000	54.106094	831.713684
barcode
	1030.000000	133.000000	53.340420	844.152771
barcode
	1031.000000	134.000000	56.635357	839.644958
barcode
	1030.000000	140.000000	54.796879	830.664856
barcode
	1028.000000	129.000000	55.344463	855.923340
barcode
	1029.000000	144.000000	54.779808	825.282166
barcode
	1030.000000	143.000000	53.537045	825.866516
barcode
	1028.000000	142.000000	54.963844	832.338928
barcode
	1029.000000	131.000000	53.095592	847.695862
barcode
	1031.000000	134.000000	56.010284	841.582153
barcode
	1030.000000	136.000000	53.423847	834.926025
barcode
	1030.000000	132.000000	56.740318	845.662781
barcode
	1027.000000	128.000000	55.975742	857.230896
barcode
	1029.000000	144.000000	54.515564	825.680481
barcode
	1030.000000	138.000000	53.165352	833.759888
barcode
	1029.000000	142.000000	54.289963	832.142883
barcode
	1029.000000	132.000000	52.716942	847.292664
barcode, RR`
	1031.000000	119.000000	49.574287	878.268677
barcode, GG`
	1030.000000	154.000000	50.030582	806.253235
barcode, BB`
	1028.000000	146.000000	54.661739	821.764893
barcode
	1030.000000	132.000000	53.931637	852.165771
barcode
	1029.000000	141.000000	54.092197	830.730835
barcode
	1030.000000	138.000000	53.496468	835.543335
barcode
	1029.000000	140.000000	54.414139	834.698914
barcode
	1029.000000	131.000000	53.667343	847.780884
barcode
	1030.000000	133.000000	55.759029	843.484497
barcode
	1031.000000	138.000000	54.479317	835.382812
barcode
	1027.000000	133.000000	56.877712	849.340332
barcode
	1029.000000	144.000000	54.587326	826.088745
barcode
	1029.000000	139.000000	53.810940	833.516541
barcode
	1028.000000	142.000000	55.361027	830.511963
barcode
	1029.000000	129.000000	52.991199	852.438171
barcode
	1031.000000	133.000000	55.203800	842.929688
barcode
	1031.000000	142.000000	53.808014	828.983643
barcode
	1028.000000	132.000000	56.595169	850.011475
barcode
	1029.000000	141.000000	54.860157	831.800293
barcode
	1029.000000	140.000000	54.235008	831.360718
barcode
	1028.000000	142.000000	55.107559	830.439941
barcode
	1028.000000	131.000000	53.725670	849.136658
barcode
	1030.000000	136.000000	55.490482	836.652954
barcode
	1031.000000	144.000000	53.307751	819.656067
barcode
	1029.000000	134.000000	56.246941	843.912659
barcode
	1028.000000	126.000000	55.381622	861.168396
barcode
	1029.000000	141.000000	54.210842	830.814148
barcode
	1029.000000	138.000000	53.551197	835.444336
barcode
	1027.000000	145.000000	56.089664	824.445068
barcode
	1028.000000	130.000000	53.256290	852.885803
barcode, RR`
	1030.000000	119.000000	50.074997	879.974060
barcode, GG`
	1032.000000	141.000000	50.171322	829.825562
barcode, BB`
	1029.000000	145.000000	54.323643	822.670898
barcode
	1029.000000	133.000000	54.332279	850.635742
barcode
	1029.000000	140.000000	54.570992	833.662964
barcode
	1029.000000	139.000000	53.902195	834.180237
barcode
	1027.000000	143.000000	56.244698	827.654480
barcode
	1028.000000	131.000000	53.755543	849.384155
barcode
	1031.000000	133.000000	54.378998	843.295410
barcode
	1031.000000	144.000000	53.918003	823.983582
barcode
	1027.000000	130.000000	56.295860	853.669556
barcode
	1029.000000	140.000000	54.834179	833.729126
barcode
	1029.000000	139.000000	53.816402	833.103455
barcode
	1028.000000	146.000000	56.546513	822.236206
barcode
	1028.000000	132.000000	54.269272	847.511963
barcode
	1031.000000	135.000000	54.940628	839.933289
barcode
	1031.000000	144.000000	53.638050	825.421082
barcode
	1027.000000	130.000000	56.405037	854.627808
barcode
	1028.000000	138.000000	55.040363	836.811157
barcode
	1029.000000	139.000000	53.748863	834.193909
barcode
	1027.000000	145.000000	56.262669	823.171936
barcode
	1028.000000	134.000000	54.731396	843.548584
barcode
	1031.000000	134.000000	54.978176	842.053894
barcode
	1032.000000	142.000000	53.220043	826.622375
barcode
	1029.000000	134.000000	56.787544	843.096924
barcode
	1028.000000	127.000000	56.232533	860.684631
barcode
	1029.000000	136.000000	54.677292	842.848572
barcode
	1030.000000	141.000000	53.538429	829.573486
barcode
	1027.000000	149.000000	56.760960	816.185181
barcode
	1028.000000	126.000000	54.658520	861.525513
barcode, RR`
	1030.000000	119.000000	50.497620	879.053406
barcode, GG`
	1031.000000	145.000000	51.096313	822.066040
barcode, BB`
	1029.000000	142.000000	54.773579	831.612854
barcode
	1029.000000	123.000000	54.383362	869.041870
barcode
	1029.000000	137.000000	54.585197	839.621887
barcode
	1029.000000	141.000000	54.218792	829.477539
barcode
	1028.000000	149.000000	56.528572	814.160828
barcode
	1028.000000	131.000000	54.904175	850.283386
barcode
	1031.000000	133.000000	53.791901	845.210266
barcode
	1031.000000	145.000000	53.230221	824.585999
barcode
	1027.000000	134.000000	56.328228	848.167053
barcode
	1029.000000	137.000000	54.222095	841.310608
barcode
	1029.000000	143.000000	54.093193	826.210632
barcode
	1027.000000	151.000000	57.523811	810.336670
barcode
	1028.000000	130.000000	55.413055	853.112488
barcode
	1031.000000	133.000000	54.413734	845.306885
barcode
	1031.000000	144.000000	54.033863	826.276733
barcode
	1026.000000	132.000000	57.474010	851.235962
barcode
	1028.000000	133.000000	55.521362	848.503235
barcode
	1029.000000	141.000000	54.343079	829.360596
barcode
	1027.000000	151.000000	57.945118	811.118347
barcode
	1027.000000	132.000000	57.055031	849.261658
barcode
	1031.000000	133.000000	54.677322	845.420471
barcode
	1032.000000	140.000000	54.110710	831.889282
barcode
	1029.000000	136.000000	57.214161	839.954468
barcode
	1027.000000	129.000000	56.534302	856.709045
barcode
	1028.000000	132.000000	55.502293	850.121948
barcode
	1029.000000	142.000000	54.616821	827.358032
barcode
	1027.000000	152.000000	57.990578	807.934692
barcode
	1028.000000	132.000000	56.431488	850.356750
barcode, RR`
	1031.000000	140.000000	53.194481	837.127930
barcode, GG`
	1031.000000	145.000000	52.994003	820.457520
barcode, BB`
	1030.000000	142.000000	55.867023	831.934692
barcode
	1030.000000	122.000000	54.226089	871.670105
barcode
	1029.000000	137.000000	55.578159	841.419250
barcode
	1030.000000	141.000000	54.362186	828.398438
barcode
	1027.000000	152.000000	58.355625	808.243835
barcode
	1027.000000	130.000000	56.581627	852.165955
barcode
	1031.000000	129.000000	54.065376	853.809204
barcode
	1032.000000	141.000000	53.782093	832.905029
barcode
	1027.000000	134.000000	56.879951	847.786133
barcode
	1028.000000	134.000000	55.384705	846.273254
barcode
	1029.000000	139.000000	54.193081	833.109131
barcode
	1028.000000	151.000000	57.346889	808.845459
barcode
	1028.000000	126.000000	55.246563	859.957397
barcode
	1032.000000	129.000000	53.470490	854.213806
barcode
	1033.000000	142.000000	53.627243	831.074707
barcode
	1027.000000	134.000000	56.318611	847.796631
barcode
	1029.000000	133.000000	55.527924	849.023621
barcode
	1029.000000	139.000000	54.702038	832.319458
barcode
	1028.000000	149.000000	57.118622	813.593018
barcode
	1027.000000	127.000000	56.064995	860.775696
barcode
	1030.000000	135.000000	54.300583	843.020203
barcode
	1032.000000	144.000000	53.922546	825.862915
barcode
	1029.000000	138.000000	56.302166	837.812988
barcode
	1027.000000	132.000000	56.372570	851.552612
barcode
	1028.000000	133.000000	55.791130	850.770386
barcode
	1028.000000	145.000000	55.272381	820.519714
barcode
	1027.000000	153.000000	57.891850	806.154419
barcode
	1028.000000	126.000000	55.442589	862.710388
barcode, RR`
	1030.000000	131.000000	52.459961	855.473511
barcode, GG`
	1030.000000	139.000000	52.873447	832.115295
barcode, BB`
	1030.000000	143.000000	55.509003	831.051208
barcode
	1029.000000	127.000000	55.161018	862.971863
barcode
	1028.000000	135.000000	55.862801	847.313416
barcode
	1029.000000	140.000000	54.570782	830.307068
barcode
	1027.000000	152.000000	57.591335	806.927795
barcode
	1027.000000	128.000000	56.405117	857.828674
barcode
	1031.000000	132.000000	54.258621	850.164185
barcode
	1031.000000	138.000000	54.086422	840.577881
barcode
	1027.000000	138.000000	56.847961	841.163635
barcode
	1028.000000	134.000000	55.657032	850.281311
barcode
	1029.000000	144.000000	55.098606	824.132751
barcode
	1027.000000	155.000000	57.878017	803.652954
barcode
	1028.000000	127.000000	56.285233	858.680725
barcode
	1031.000000	133.000000	54.190147	847.784607
barcode
	1031.000000	139.000000	54.752968	840.100647
barcode
	1027.000000	134.000000	56.846504	848.997620
barcode
	1028.000000	133.000000	55.648506	850.949951
barcode
	1029.000000	141.000000	54.776707	829.023926
barcode
	1028.000000	154.000000	56.669525	805.173645
barcode
	1027.000000	130.000000	57.012470	852.486877
barcode
	1030.000000	133.000000	54.809933	848.015381
barcode
	1031.000000	133.000000	54.312611	848.530518
barcode
	1029.000000	136.000000	57.145432	842.686340
barcode
	1027.000000	132.000000	56.824432	852.730347
barcode
	1027.000000	136.000000	56.890606	846.203308
barcode
	1029.000000	145.000000	55.415672	819.895447
barcode
	1028.000000	155.000000	57.718422	802.445129
barcode
	1027.000000	131.000000	57.402565	850.311584
barcode, RR`
	1029.000000	128.000000	55.251675	859.268005
barcode, GG`
	1030.000000	142.000000	55.355148	827.527893
barcode, BB`
	1029.000000	145.000000	57.177849	826.998169
barcode
	1030.000000	130.000000	55.755516	855.775208
barcode
	1028.000000	136.000000	56.951145	846.671021
barcode
	1029.000000	145.000000	55.225468	819.782288
barcode
	1028.000000	154.000000	57.641403	804.112610
barcode
	1028.000000	132.000000	57.991482	847.275085
barcode
	1030.000000	131.000000	54.415680	851.052429
barcode
	1031.000000	130.000000	54.190639	855.437805
barcode, B`X, 
	1033.000000	116.000000	52.084496	882.675110
barcode
	1030.000000	148.000000	55.500225	820.777710
barcode
	1029.000000	143.000000	55.137241	824.559570
barcode
	1028.000000	151.000000	57.489189	809.997498
barcode
	1028.000000	130.000000	57.120274	852.281555
barcode
	1031.000000	135.000000	56.141167	843.451355
barcode
	1032.000000	133.000000	54.512077	851.685974
barcode
	1027.000000	138.000000	57.393307	841.298706
barcode
	1028.000000	135.000000	56.745506	848.450439
barcode
	1030.000000	145.000000	55.680229	820.873169
barcode
	1028.000000	148.000000	57.181152	816.504395
barcode
	1027.000000	129.000000	57.432503	855.502930
barcode
	1030.000000	137.000000	54.978977	840.935669
barcode
	1031.000000	130.000000	54.507816	856.051514
barcode
	1028.000000	137.000000	58.431236	841.608093
barcode
	1026.000000	133.000000	56.814697	851.636475
barcode
	1028.000000	134.000000	56.462879	850.986572
barcode
	1029.000000	141.000000	56.072472	827.795410
barcode
	1028.000000	148.000000	57.912998	818.146851
barcode
	1028.000000	129.000000	56.966816	855.980469
barcode, RR`
	1028.000000	126.000000	56.033508	863.826355
barcode, GG`
	1030.000000	152.000000	57.625881	808.001343
barcode, BB`
	1028.000000	146.000000	58.244900	826.330078
barcode
	1031.000000	134.000000	55.486290	850.838440
barcode
	1029.000000	134.000000	56.442326	851.117554
barcode
	1029.000000	142.000000	55.475529	826.603271
barcode
	1028.000000	148.000000	57.992191	818.382935
barcode
	1028.000000	130.000000	57.025829	854.070618
barcode
	1030.000000	136.000000	55.152378	843.337585
barcode
	1032.000000	130.000000	55.270653	857.562073
barcode
	1027.000000	137.000000	57.149940	844.713501
barcode
	1028.000000	132.000000	56.832745	853.335815
barcode
	1029.000000	143.000000	56.241371	825.010193
barcode
	1028.000000	149.000000	57.562435	816.431946
barcode
	1028.000000	133.000000	58.017746	847.640015
barcode
	1031.000000	136.000000	56.045982	842.003052
barcode
	1032.000000	129.000000	55.304768	859.310608
barcode
	1027.000000	140.000000	57.871094	838.423767
barcode
	1029.000000	133.000000	56.961178	851.699951
barcode
	1030.000000	144.000000	56.395988	822.454529
barcode
	1028.000000	147.000000	57.781185	818.754517
barcode
	1027.000000	130.000000	57.241989	853.028870
barcode
	1030.000000	133.000000	55.117188	848.328125
barcode
	1031.000000	127.000000	54.849499	861.035156
barcode
	1029.000000	135.000000	58.258774	845.656433
barcode
	1028.000000	135.000000	56.169415	847.646729
barcode
	1028.000000	132.000000	55.988663	853.445496
barcode
	1029.000000	147.000000	55.835957	817.971741
barcode
	1028.000000	145.000000	56.338448	822.386780
barcode
	1027.000000	132.000000	57.096104	850.030334
barcode, RR`
	1028.000000	133.000000	56.155529	848.906555
barcode, GG`
	1030.000000	153.000000	56.725765	806.505798
barcode, BB`
	1028.000000	139.000000	57.155136	840.263916
barcode
	1031.000000	137.000000	56.003548	844.711487
barcode
	1028.000000	130.000000	56.092258	858.466553
barcode
	1030.000000	140.000000	55.054070	830.743530
barcode
	1029.000000	144.000000	56.286655	824.545471
barcode
	1029.000000	131.000000	56.515991	851.092102
barcode
	1031.000000	132.000000	55.200893	851.080688
barcode
	1032.000000	128.000000	55.348488	860.703064
barcode
	1028.000000	134.000000	56.657730	849.761963
barcode
	1028.000000	130.000000	56.372307	857.957275
barcode
	1030.000000	142.000000	54.963020	827.491882
barcode
	1029.000000	145.000000	56.105515	824.176697
barcode
	1028.000000	130.000000	56.581589	853.903625
barcode
	1031.000000	133.000000	54.853958	848.971313
barcode
	1032.000000	127.000000	55.333179	862.951355
barcode
	1029.000000	133.000000	56.529549	850.586243
barcode
	1029.000000	132.000000	56.139023	853.948792
barcode
	1031.000000	145.000000	55.815155	822.786133
barcode
	1028.000000	145.000000	57.074154	822.315186
barcode
	1028.000000	132.000000	57.845055	848.958923
barcode
	1030.000000	138.000000	56.300797	839.787598
barcode
	1031.000000	130.000000	56.223370	854.089172
barcode
	1030.000000	134.000000	58.333340	847.750000
barcode
	1029.000000	133.000000	56.128147	850.730530
barcode
	1028.000000	131.000000	56.693489	855.370789
barcode
	1031.000000	144.000000	55.898567	825.502014
barcode
	1029.000000	147.000000	56.972237	819.952698
barcode
	1028.000000	131.000000	57.382473	851.637756
barcode, RR`
	1027.000000	133.000000	57.212162	848.645447
barcode, GG`
	1030.000000	159.000000	56.879875	797.942993
barcode, BB`
	1028.000000	136.000000	56.781620	846.246582
barcode
	1030.000000	143.000000	56.409122	832.483887
barcode
	1029.000000	127.000000	56.380894	862.823181
barcode
	1030.000000	147.000000	55.817410	818.507996
barcode
	1028.000000	146.000000	57.942684	820.772034
barcode
	1029.000000	134.000000	57.180862	845.957092
barcode
	1030.000000	133.000000	55.862026	849.584534
barcode
	1031.000000	128.000000	56.871246	859.394287
barcode, B`X, 
	1032.000000	121.000000	51.748222	873.051575
barcode
	1031.000000	138.000000	55.827106	843.193481
barcode
	1030.000000	146.000000	55.415123	822.956421
barcode
	1028.000000	146.000000	57.919556	822.629822
barcode
	1028.000000	135.000000	57.503384	843.208740
barcode
	1030.000000	135.000000	56.308529	846.439880
barcode
	1030.000000	132.000000	56.348877	851.870728
barcode
	1029.000000	134.000000	57.006695	848.375977
barcode
	1029.000000	131.000000	56.646740	855.672913
barcode
	1030.000000	147.000000	56.169289	820.471313
barcode
	1028.000000	148.000000	58.074661	818.223511
barcode
	1029.000000	135.000000	57.612473	842.555420
barcode
	1030.000000	138.000000	56.869232	839.307861
barcode
	1030.000000	134.000000	56.705090	848.218811
barcode
	1029.000000	135.000000	58.902058	844.987671
barcode
	1029.000000	133.000000	56.723412	849.839539
barcode
	1029.000000	129.000000	56.105099	857.441040
barcode
	1031.000000	145.000000	55.188656	824.963196
barcode
	1028.000000	145.000000	58.066490	825.268372
barcode
	1028.000000	135.000000	57.255325	843.507019
barcode, RR`
	1027.000000	135.000000	57.632504	845.177795
barcode, GG`
	1030.000000	160.000000	56.778149	797.099609
barcode, BB`
	1028.000000	142.000000	55.872097	836.661072
barcode
	1030.000000	145.000000	56.932873	827.939941
barcode
	1029.000000	131.000000	56.659809	855.880188
barcode
	1031.000000	147.000000	55.896297	820.972290
barcode
	1028.000000	145.000000	58.087769	823.428833
barcode
	1029.000000	135.000000	57.422985	844.517883
barcode
	1029.000000	138.000000	56.869293	842.016174
barcode
	1030.000000	135.000000	57.402306	848.824524
barcode
	1029.000000	132.000000	56.810478	852.006592
barcode
	1029.000000	129.000000	55.948536	858.914429
barcode
	1030.000000	147.000000	55.683510	820.148376
barcode
	1027.000000	148.000000	58.532650	817.312256
barcode
	1029.000000	134.000000	56.954906	844.465698
barcode
	1029.000000	137.000000	56.883591	842.468811
barcode
	1029.000000	134.000000	57.345631	848.991272
barcode
	1030.000000	133.000000	56.671455	849.068542
barcode
	1029.000000	131.000000	56.477589	856.049988
barcode
	1031.000000	145.000000	55.208874	825.336731
barcode
	1029.000000	147.000000	58.586132	821.769836
barcode
	1028.000000	139.000000	58.640976	835.432007
barcode
	1029.000000	138.000000	57.393764	842.541931
barcode
	1030.000000	137.000000	57.633259	843.805725
barcode
	1030.000000	135.000000	58.434097	844.945801
barcode
	1030.000000	133.000000	56.670551	848.387024
barcode
	1029.000000	133.000000	56.527481	852.240051
barcode
	1030.000000	147.000000	55.917473	820.538208
barcode
	1028.000000	145.000000	58.148930	825.384644
barcode
	1029.000000	137.000000	57.198177	838.950012
barcode, RR`
	1027.000000	139.000000	57.962994	837.023499
barcode, GG`
	1031.000000	156.000000	55.785275	805.692810
barcode, BB`
	1029.000000	142.000000	55.406830	835.027161
barcode
	1031.000000	150.000000	56.626736	817.839539
barcode
	1029.000000	133.000000	56.727551	850.699219
barcode
	1030.000000	145.000000	55.858372	823.635986
barcode
	1028.000000	144.000000	58.157806	827.923279
barcode
	1029.000000	135.000000	56.731979	843.420593
barcode
	1030.000000	138.000000	57.104233	840.622864
barcode
	1029.000000	138.000000	57.733303	843.421570
barcode
	1030.000000	135.000000	57.170509	845.382202
barcode
	1029.000000	137.000000	57.159847	843.161926
barcode
	1030.000000	146.000000	55.664150	822.231567
barcode
	1028.000000	143.000000	58.364071	828.875854
barcode
	1029.000000	135.000000	57.094513	843.047729
barcode
	1030.000000	137.000000	56.283508	843.577148
barcode
	1029.000000	141.000000	57.348534	837.862976
barcode
	1030.000000	138.000000	57.040607	838.795715
barcode
	1029.000000	134.000000	56.888859	850.529785
barcode
	1030.000000	143.000000	55.691635	828.637329
barcode
	1028.000000	139.000000	58.339363	836.542664
barcode
	1028.000000	136.000000	58.340065	841.928467
barcode
	1030.000000	140.000000	57.543392	838.766541
barcode
	1029.000000	144.000000	57.577564	833.565247
barcode
	1030.000000	135.000000	58.385223	845.738159
barcode
	1030.000000	135.000000	57.045666	846.398865
barcode
	1029.000000	135.000000	56.854313	847.405579
barcode
	1031.000000	143.000000	55.803078	828.830566
barcode
	1029.000000	136.000000	58.060928	843.175781
